TF	statistic	pvalue	zscore	max_auc	re_rank	irwin_hall_pvalue
GATA2	5.190	1.053e-07	2.774	0.670	0.010	4.115e-06
RELA	10.239	6.614e-25	2.430	0.763	0.013	9.753e-06
SPI1	10.174	1.289e-24	2.427	0.690	0.015	1.549e-05
FLI1	4.696	1.324e-06	3.229	0.609	0.018	2.459e-05
TEAD1	3.682	1.157e-04	2.559	0.610	0.027	9.176e-05
LYL1	4.120	1.896e-05	2.397	0.621	0.029	1.153e-04
LMO2	3.616	1.498e-04	2.527	0.610	0.030	1.195e-04
ETV6	2.773	2.779e-03	2.588	0.636	0.031	1.377e-04
FOXO1	2.864	2.092e-03	2.555	0.622	0.034	1.736e-04
EP300	7.131	4.969e-13	2.126	0.722	0.034	1.792e-04
IRF4	3.692	1.114e-04	2.682	0.578	0.038	2.490e-04
STAT3	4.907	4.628e-07	2.635	0.572	0.039	2.633e-04
RELB	2.782	2.698e-03	2.741	0.588	0.043	3.612e-04
TEAD4	3.461	2.693e-04	2.371	0.599	0.045	3.986e-04
VDR	4.205	1.307e-05	2.813	0.564	0.046	4.282e-04
IRF1	3.696	1.096e-04	2.062	0.712	0.046	4.282e-04
RUNX1	6.760	6.908e-12	2.201	0.591	0.047	4.699e-04
EBNA3C	2.711	3.354e-03	2.256	0.642	0.048	4.918e-04
MEF2B	3.862	5.635e-05	2.241	0.589	0.049	5.375e-04
YAP1	3.607	1.547e-04	2.219	0.595	0.051	5.985e-04
JUND	3.067	1.082e-03	2.110	0.647	0.051	6.113e-04
STAT4	1.718	4.289e-02	2.624	0.615	0.052	6.242e-04
NFKB1	2.669	3.799e-03	2.413	0.594	0.052	6.373e-04
JUN	5.380	3.721e-08	2.002	0.619	0.052	6.373e-04
BCL6	3.457	2.728e-04	2.214	0.601	0.052	6.373e-04
TCF7L1	3.529	2.088e-04	2.808	0.560	0.053	6.640e-04
GATA4	3.444	2.869e-04	2.500	0.571	0.053	6.777e-04
TBX21	2.796	2.588e-03	2.295	0.595	0.055	7.635e-04
MYB	4.227	1.182e-05	2.213	0.580	0.056	7.784e-04
DUX4	2.213	1.345e-02	2.881	0.574	0.056	8.090e-04
RUNX1T1	3.347	4.084e-04	2.235	0.586	0.058	8.562e-04
BATF	2.904	1.844e-03	2.308	0.584	0.058	8.724e-04
TP53	5.274	6.660e-08	2.001	0.603	0.059	9.053e-04
PROX1	2.335	9.762e-03	2.161	0.633	0.059	9.053e-04
SND1	2.807	2.497e-03	2.385	0.578	0.060	9.562e-04
SMARCC1	3.520	2.154e-04	2.073	0.600	0.060	9.912e-04
PRMT1	2.254	1.209e-02	2.473	0.579	0.062	1.064e-03
FOS	2.983	1.425e-03	2.021	0.632	0.062	1.082e-03
IKZF1	3.443	2.877e-04	1.942	0.643	0.063	1.101e-03
CEBPB	7.701	6.748e-15	1.869	0.606	0.063	1.140e-03
BACH2	2.793	2.611e-03	2.071	0.619	0.063	1.140e-03
SPIB	2.676	3.730e-03	2.694	0.558	0.066	1.302e-03
SMARCA2	2.023	2.152e-02	2.621	0.571	0.066	1.302e-03
MEIS1	2.748	3.001e-03	2.577	0.561	0.067	1.345e-03
FOSL1	3.032	1.215e-03	1.928	0.625	0.070	1.526e-03
TCF12	2.954	1.569e-03	3.036	0.543	0.070	1.550e-03
STAT1	3.509	2.248e-04	2.129	0.572	0.070	1.574e-03
HNF1B	1.702	4.433e-02	2.250	0.610	0.070	1.574e-03
FOXA2	4.268	9.867e-06	2.252	0.551	0.071	1.623e-03
PAX5	4.123	1.873e-05	2.475	0.538	0.073	1.775e-03
JMJD1C	2.812	2.459e-03	2.219	0.571	0.074	1.827e-03
TAL1	3.015	1.285e-03	1.874	0.605	0.079	2.226e-03
STAG1	8.578	4.821e-18	2.102	0.545	0.082	2.478e-03
ELF3	2.181	1.460e-02	2.517	0.549	0.082	2.510e-03
GATA3	3.483	2.481e-04	1.987	0.571	0.083	2.543e-03
HMG20A	1.712	4.340e-02	2.006	0.626	0.083	2.610e-03
TP63	6.850	3.698e-12	2.082	0.546	0.084	2.678e-03
FUS	2.196	1.404e-02	2.387	0.558	0.084	2.678e-03
SMAD1	2.112	1.733e-02	2.210	0.572	0.084	2.713e-03
NFKB2	2.152	1.571e-02	2.515	0.548	0.084	2.713e-03
BATF3	1.722	4.249e-02	1.941	0.649	0.086	2.818e-03
ZNF384	1.796	3.628e-02	2.310	0.568	0.087	2.926e-03
WWTR1	2.316	1.028e-02	2.048	0.576	0.088	3.112e-03
EBNA3	1.700	4.454e-02	2.012	0.608	0.089	3.188e-03
TCF4	2.233	1.278e-02	2.126	0.570	0.090	3.266e-03
TRIM22	2.274	1.149e-02	2.163	0.564	0.091	3.345e-03
ZNF597	1.667	4.777e-02	2.130	0.586	0.091	3.345e-03
CD74	2.280	1.130e-02	1.563	0.655	0.095	3.890e-03
EBNA2	1.609	5.380e-02	2.394	0.564	0.096	4.024e-03
TEAD1-TEAD4	1.613	5.338e-02	2.332	0.565	0.097	4.160e-03
GATA6	3.098	9.731e-04	2.350	0.528	0.098	4.300e-03
HOXA9	1.757	3.944e-02	2.370	0.549	0.098	4.300e-03
FOSL2	8.436	1.644e-17	1.717	0.563	0.099	4.395e-03
BANF1	2.471	6.734e-03	2.222	0.543	0.100	4.491e-03
EED	1.825	3.397e-02	2.072	0.567	0.103	4.890e-03
PGBD3	1.649	4.953e-02	2.047	0.578	0.104	4.993e-03
DAXX	1.970	2.443e-02	2.557	0.529	0.104	5.098e-03
EWSR1	1.535	6.240e-02	2.454	0.547	0.105	5.151e-03
CBX5	1.683	4.619e-02	2.800	0.531	0.105	5.151e-03
SKI	1.682	4.628e-02	1.892	0.591	0.105	5.204e-03
GRIP1	1.851	3.209e-02	1.852	0.580	0.106	5.421e-03
RUNX3	1.552	6.032e-02	2.372	0.551	0.107	5.476e-03
TERF1	1.593	5.559e-02	2.239	0.560	0.107	5.476e-03
RXRG	3.034	1.208e-03	1.813	0.562	0.107	5.588e-03
ZBTB16	1.443	7.451e-02	1.848	0.616	0.114	6.659e-03
PCGF2	2.081	1.870e-02	2.009	0.549	0.114	6.722e-03
STAT5A	1.617	5.295e-02	1.803	0.591	0.114	6.722e-03
FOXP1	1.461	7.196e-02	1.895	0.600	0.115	6.914e-03
MBD3	2.024	2.147e-02	1.482	0.606	0.116	7.044e-03
NCOR2	1.997	2.290e-02	1.859	0.566	0.116	7.110e-03
SMC1A	5.699	6.019e-09	1.656	0.544	0.117	7.242e-03
NKX2-1	2.260	1.192e-02	2.565	0.506	0.118	7.309e-03
MED12	1.757	3.946e-02	1.716	0.583	0.118	7.309e-03
ERCC6	1.620	5.264e-02	2.874	0.515	0.119	7.581e-03
PRDM1	2.062	1.962e-02	2.160	0.530	0.122	8.216e-03
HNF1A	1.643	5.021e-02	1.734	0.580	0.123	8.362e-03
CTCF	21.431	3.435e-102	1.688	0.532	0.124	8.584e-03
RAD21	6.497	4.094e-11	1.584	0.539	0.124	8.659e-03
RXRA	2.599	4.673e-03	1.623	0.565	0.125	8.734e-03
CEBPA	1.806	3.543e-02	1.297	0.618	0.127	9.195e-03
TERF2	1.522	6.399e-02	2.136	0.545	0.127	9.195e-03
HOXB13	2.573	5.047e-03	2.053	0.526	0.127	9.273e-03
ZBED1	2.079	1.880e-02	1.933	0.543	0.128	9.511e-03
NUP98-HOXA9	1.478	6.968e-02	2.247	0.538	0.131	1.008e-02
PSIP1	1.497	6.714e-02	2.432	0.525	0.131	1.016e-02
TCF21	2.755	2.938e-03	1.822	0.537	0.131	1.016e-02
STAT5B	2.730	3.164e-03	1.500	0.562	0.132	1.025e-02
MEF2A	1.509	6.561e-02	1.969	0.558	0.132	1.025e-02
PRMT5	1.620	5.258e-02	1.769	0.567	0.132	1.033e-02
TLX1	1.469	7.091e-02	2.259	0.537	0.132	1.042e-02
PBX3	1.504	6.626e-02	2.327	0.529	0.133	1.050e-02
TP73	1.759	3.932e-02	2.141	0.524	0.135	1.111e-02
MAFK	1.655	4.893e-02	2.212	0.525	0.136	1.120e-02
EPAS1	1.521	6.416e-02	2.044	0.545	0.136	1.120e-02
EBF1	1.684	4.611e-02	1.481	0.579	0.136	1.129e-02
SNAI2	3.568	1.797e-04	1.972	0.506	0.136	1.129e-02
STAT5	1.693	4.522e-02	1.655	0.567	0.137	1.156e-02
NR3C1	3.330	4.340e-04	1.365	0.554	0.138	1.174e-02
SMC3	5.068	2.008e-07	1.444	0.535	0.140	1.240e-02
TTF1	1.586	5.637e-02	2.541	0.502	0.141	1.269e-02
NFIC	1.260	1.037e-01	1.851	0.568	0.143	1.318e-02
ARID1A	1.694	4.510e-02	2.428	0.496	0.143	1.318e-02
MEF2C	1.514	6.498e-02	1.910	0.544	0.146	1.409e-02
PML	1.789	3.681e-02	1.071	0.581	0.151	1.538e-02
POU2F2	1.643	5.021e-02	1.797	0.540	0.151	1.549e-02
SMARCA4	1.958	2.509e-02	0.945	0.590	0.153	1.616e-02
LHX2	0.791	2.145e-01	1.657	0.593	0.158	1.781e-02
KMT2B	1.393	8.181e-02	2.054	0.524	0.159	1.817e-02
CDX2	1.531	6.290e-02	2.088	0.505	0.166	2.075e-02
LMNA	1.356	8.754e-02	2.377	0.494	0.168	2.143e-02
DACOR1	1.024	1.529e-01	2.689	0.494	0.168	2.143e-02
HIRA	1.666	4.789e-02	1.956	0.506	0.169	2.156e-02
ZIM3	1.305	9.599e-02	2.278	0.496	0.169	2.184e-02
SUMO1	3.379	3.643e-04	1.453	0.509	0.170	2.212e-02
ZBTB2	1.571	5.814e-02	1.892	0.512	0.172	2.283e-02
ZNF22	1.034	1.505e-01	2.437	0.495	0.173	2.326e-02
JUNB	0.883	1.886e-01	1.054	0.652	0.174	2.355e-02
SOX11	1.092	1.375e-01	2.410	0.494	0.174	2.355e-02
KMT2A	2.427	7.611e-03	0.869	0.549	0.176	2.444e-02
ZNF512	1.525	6.362e-02	2.001	0.498	0.179	2.582e-02
KDM1A	0.974	1.651e-01	1.377	0.571	0.180	2.613e-02
HOTAIR	1.562	5.914e-02	2.143	0.486	0.181	2.660e-02
HDAC4	1.333	9.119e-02	1.798	0.516	0.185	2.839e-02
SMAD3	1.037	1.498e-01	0.950	0.590	0.185	2.855e-02
TCF7L2	1.114	1.326e-01	1.664	0.533	0.187	2.922e-02
RING1	1.314	9.450e-02	1.845	0.511	0.187	2.956e-02
REPIN1	0.993	1.603e-01	1.827	0.526	0.188	2.990e-02
GRHL3	1.477	6.982e-02	1.533	0.526	0.188	3.008e-02
JARID2	3.782	7.780e-05	0.822	0.521	0.189	3.042e-02
ZNF92	1.068	1.427e-01	2.085	0.497	0.189	3.060e-02
CHAT	1.191	1.168e-01	2.298	0.485	0.190	3.077e-02
DMC1	0.988	1.615e-01	2.298	0.492	0.190	3.095e-02
NME2	1.230	1.093e-01	2.143	0.491	0.191	3.112e-02
CREBBP	0.887	1.876e-01	1.257	0.570	0.192	3.165e-02
HES2	3.823	6.587e-05	1.094	0.496	0.194	3.273e-02
MAF	1.201	1.148e-01	2.159	0.487	0.195	3.328e-02
TSC22D4	0.255	3.993e-01	1.475	0.625	0.197	3.421e-02
SATB1	0.722	2.352e-01	2.399	0.491	0.200	3.612e-02
ZNF654	1.617	5.294e-02	1.511	0.502	0.200	3.612e-02
NANOG	1.934	2.654e-02	1.507	0.494	0.201	3.651e-02
DEK	1.281	1.001e-01	1.760	0.500	0.204	3.831e-02
BRD4	2.611	4.508e-03	-0.515	0.611	0.206	3.933e-02
ZNF317	1.040	1.492e-01	2.217	0.481	0.206	3.933e-02
BRD9	1.279	1.005e-01	1.422	0.521	0.208	4.079e-02
OTX2	0.738	2.303e-01	1.166	0.565	0.208	4.079e-02
ZMYM3	0.843	1.995e-01	0.802	0.580	0.209	4.100e-02
ZNF750	0.918	1.792e-01	2.107	0.488	0.209	4.121e-02
MAML3	1.439	7.510e-02	1.946	0.483	0.210	4.164e-02
POLR3D	1.502	6.651e-02	1.571	0.495	0.211	4.206e-02
KDM1B	0.787	2.155e-01	2.383	0.480	0.211	4.228e-02
KDM6B	1.356	8.752e-02	1.367	0.513	0.212	4.293e-02
ZFP57	1.377	8.426e-02	1.746	0.492	0.212	4.293e-02
ZNF783	1.576	5.751e-02	0.412	0.556	0.212	4.315e-02
LMO1	1.055	1.458e-01	1.787	0.496	0.213	4.337e-02
MYOG	1.034	1.505e-01	1.965	0.487	0.213	4.359e-02
EHF	0.987	1.619e-01	0.954	0.554	0.214	4.381e-02
ZNF808	0.704	2.406e-01	2.585	0.475	0.215	4.470e-02
ATF2	0.630	2.642e-01	1.067	0.569	0.216	4.538e-02
ERG	1.137	1.277e-01	0.340	0.576	0.217	4.629e-02
CDK8	1.972	2.430e-02	0.265	0.538	0.220	4.792e-02
KDM2B	3.252	5.725e-04	-0.183	0.542	0.220	4.815e-02
SOX2	0.779	2.180e-01	1.225	0.542	0.221	4.839e-02
PRKDC	0.979	1.638e-01	1.235	0.526	0.224	5.030e-02
E2F7	1.500	6.677e-02	0.937	0.523	0.224	5.030e-02
BHLHE40	0.965	1.672e-01	0.888	0.547	0.224	5.079e-02
MYOD1	0.992	1.607e-01	1.448	0.510	0.225	5.103e-02
DRAP1	1.210	1.132e-01	1.371	0.506	0.225	5.103e-02
EZH2	2.373	8.816e-03	0.395	0.517	0.225	5.128e-02
KDM6A	0.984	1.625e-01	1.799	0.491	0.225	5.128e-02
ESCO2	1.085	1.390e-01	1.495	0.498	0.226	5.227e-02
DPPA2	0.829	2.035e-01	2.026	0.482	0.229	5.403e-02
NR1H3	1.537	6.220e-02	1.493	0.483	0.231	5.531e-02
NIPBL	0.737	2.307e-01	0.229	0.601	0.231	5.557e-02
SIRT1	1.051	1.467e-01	1.733	0.486	0.231	5.557e-02
TOP1	1.379	8.395e-02	1.234	0.497	0.233	5.714e-02
PAX3	0.824	2.049e-01	1.961	0.482	0.234	5.794e-02
MLLT3	1.017	1.547e-01	1.507	0.494	0.235	5.847e-02
SRCAP	0.696	2.432e-01	2.221	0.474	0.236	5.901e-02
TRIM28	0.443	3.288e-01	1.781	0.510	0.236	5.928e-02
PHOX2B	0.758	2.241e-01	2.027	0.478	0.236	5.928e-02
EOMES	1.133	1.286e-01	1.711	0.479	0.241	6.287e-02
IRF5	0.725	2.343e-01	2.023	0.476	0.242	6.372e-02
HDAC3	0.386	3.497e-01	1.365	0.535	0.244	6.515e-02
SMARCB1	1.218	1.117e-01	0.541	0.531	0.244	6.544e-02
GATA1	1.297	9.736e-02	1.203	0.493	0.246	6.660e-02
MTA2	0.377	3.530e-01	0.545	0.583	0.247	6.808e-02
TBX5	1.100	1.356e-01	1.734	0.473	0.248	6.897e-02
MYH11	1.481	6.925e-02	0.515	0.513	0.249	6.957e-02
MCM2	0.717	2.365e-01	1.950	0.476	0.250	7.017e-02
CBFB	1.796	3.628e-02	0.232	0.509	0.250	7.048e-02
HNF4A	1.389	8.246e-02	1.089	0.490	0.251	7.078e-02
WRNIP1	0.999	1.590e-01	1.307	0.492	0.252	7.201e-02
PGR	0.851	1.973e-01	1.538	0.483	0.254	7.387e-02
DLX2	0.838	2.009e-01	1.583	0.483	0.255	7.450e-02
H2AZ	3.052	1.135e-03	-1.072	0.557	0.255	7.482e-02
POU5F1	0.963	1.678e-01	0.924	0.510	0.255	7.482e-02
MKL2	1.491	6.804e-02	0.799	0.495	0.255	7.482e-02
SMAD2-SMAD3	0.440	3.301e-01	0.733	0.557	0.255	7.482e-02
ZNF136	0.488	3.126e-01	2.405	0.462	0.256	7.577e-02
LIN9	0.834	2.021e-01	1.524	0.483	0.259	7.802e-02
FANCD2	0.662	2.539e-01	1.941	0.473	0.261	7.966e-02
CHRM2	0.725	2.342e-01	0.648	0.533	0.262	8.065e-02
LMNB1	0.714	2.376e-01	1.776	0.475	0.262	8.099e-02
RNF2	1.012	1.559e-01	0.494	0.518	0.263	8.233e-02
MAFF	0.703	2.411e-01	1.902	0.469	0.265	8.402e-02
CDK2	0.604	2.730e-01	1.733	0.478	0.268	8.678e-02
NFE2L2	0.615	2.692e-01	0.567	0.535	0.269	8.713e-02
ZNF490	0.526	2.994e-01	2.052	0.464	0.273	9.140e-02
SRF	1.221	1.111e-01	0.249	0.507	0.275	9.395e-02
ZNF680	0.393	3.473e-01	1.731	0.481	0.278	9.693e-02
ZNF485	0.564	2.862e-01	1.863	0.466	0.278	9.693e-02
TLE3	0.591	2.774e-01	1.664	0.474	0.279	9.730e-02
TARDBP	0.631	2.639e-01	0.010	0.548	0.280	9.920e-02
RCOR1	0.338	3.676e-01	0.843	0.529	0.281	9.996e-02
ZNF486	0.361	3.592e-01	2.122	0.464	0.281	9.996e-02
CEBPD	0.307	3.794e-01	0.233	0.565	0.281	9.996e-02
NR2F2	0.592	2.768e-01	0.822	0.508	0.282	1.007e-01
TAT	0.745	2.282e-01	1.329	0.477	0.283	1.015e-01
HLF	0.726	2.340e-01	1.693	0.464	0.286	1.050e-01
CBX2	0.890	1.867e-01	0.861	0.486	0.288	1.070e-01
ZNF284	0.477	3.168e-01	1.952	0.461	0.289	1.086e-01
CTNNB1	0.693	2.441e-01	1.437	0.474	0.290	1.095e-01
CHD4	1.228	1.097e-01	0.290	0.492	0.290	1.099e-01
LDB1	0.579	2.812e-01	1.627	0.467	0.291	1.111e-01
ETS1	1.025	1.526e-01	-0.536	0.542	0.294	1.140e-01
NR1H2	1.132	1.289e-01	1.018	0.468	0.294	1.144e-01
ZNF133	0.449	3.268e-01	1.918	0.459	0.295	1.153e-01
ETV4	0.257	3.985e-01	0.257	0.546	0.295	1.153e-01
MITF	0.295	3.841e-01	1.146	0.498	0.295	1.157e-01
BCOR	0.934	1.753e-01	0.234	0.499	0.295	1.161e-01
CTCFL	1.269	1.022e-01	0.379	0.484	0.295	1.161e-01
SMARCE1	0.381	3.517e-01	1.261	0.486	0.296	1.165e-01
REL	0.753	2.257e-01	-0.174	0.527	0.298	1.191e-01
SUMO2	-0.194	5.768e-01	1.249	0.532	0.299	1.204e-01
GLI2	0.503	3.074e-01	-0.684	0.588	0.299	1.208e-01
PRDM6	0.710	2.388e-01	1.110	0.475	0.300	1.213e-01
MAFG	0.627	2.653e-01	1.658	0.459	0.301	1.230e-01
CDK9	1.296	9.753e-02	-0.653	0.531	0.302	1.243e-01
NR4A1	0.111	4.559e-01	0.536	0.543	0.303	1.252e-01
PMEL	0.211	4.163e-01	-0.243	0.573	0.304	1.266e-01
ING5	0.448	3.272e-01	1.768	0.459	0.305	1.279e-01
ERCC3	0.478	3.165e-01	1.700	0.461	0.306	1.284e-01
CBX3	-0.097	5.387e-01	1.466	0.500	0.306	1.288e-01
FOXH1	0.511	3.047e-01	1.359	0.472	0.306	1.288e-01
BCL11A	-0.032	5.128e-01	0.136	0.575	0.307	1.297e-01
BIRA	0.215	4.150e-01	1.302	0.487	0.307	1.297e-01
ERCC2	0.368	3.564e-01	1.955	0.456	0.309	1.325e-01
DDX5	0.111	4.557e-01	0.843	0.522	0.309	1.330e-01
BCLAF1	0.283	3.884e-01	-0.133	0.547	0.310	1.339e-01
SS18	0.542	2.938e-01	0.557	0.493	0.312	1.367e-01
BMI1	0.396	3.460e-01	0.724	0.495	0.312	1.372e-01
BRD7	0.775	2.191e-01	0.671	0.479	0.313	1.386e-01
FXR2	0.538	2.955e-01	1.370	0.465	0.314	1.396e-01
ZNF781	0.206	4.183e-01	1.594	0.470	0.316	1.425e-01
ZNF793	0.469	3.195e-01	1.536	0.459	0.316	1.425e-01
KDM3B	0.871	1.919e-01	0.566	0.475	0.318	1.444e-01
ZFAT	0.544	2.934e-01	1.274	0.465	0.318	1.454e-01
ZNF75D	0.390	3.484e-01	1.754	0.456	0.319	1.464e-01
FOXP3	0.913	1.807e-01	0.390	0.477	0.320	1.469e-01
HOXC9	0.537	2.956e-01	1.476	0.458	0.321	1.489e-01
MGEA5	0.709	2.391e-01	0.731	0.475	0.321	1.494e-01
ZNF519	0.871	1.919e-01	0.179	0.485	0.321	1.494e-01
CCND2	0.790	2.149e-01	0.386	0.480	0.321	1.494e-01
SSU72	0.591	2.773e-01	1.038	0.468	0.322	1.504e-01
ZNF440	0.319	3.748e-01	1.852	0.453	0.322	1.509e-01
PRDM14	0.549	2.914e-01	1.169	0.465	0.322	1.509e-01
TAZ	0.598	2.748e-01	0.967	0.468	0.323	1.514e-01
EBF3	0.349	3.635e-01	1.309	0.468	0.323	1.519e-01
ATF3	0.140	4.445e-01	0.035	0.541	0.325	1.544e-01
ERF	0.520	3.014e-01	1.442	0.458	0.325	1.549e-01
DNMT3A	0.286	3.874e-01	0.233	0.512	0.325	1.549e-01
GRHL2	-0.154	5.610e-01	0.946	0.513	0.326	1.560e-01
CNOT3	0.747	2.276e-01	0.368	0.479	0.326	1.560e-01
TET2	0.251	4.007e-01	0.433	0.505	0.326	1.565e-01
ZNF202	0.535	2.962e-01	0.911	0.472	0.327	1.580e-01
PBX1	-0.134	5.533e-01	0.714	0.525	0.327	1.580e-01
SCRT1	0.135	4.462e-01	0.913	0.491	0.334	1.671e-01
TCF7	-0.048	5.192e-01	0.672	0.512	0.334	1.681e-01
PHF6	0.925	1.774e-01	-0.256	0.488	0.334	1.681e-01
ICE1	0.773	2.199e-01	0.605	0.466	0.335	1.698e-01
CEBPG	0.309	3.785e-01	1.159	0.466	0.337	1.725e-01
PHIP	1.480	6.940e-02	-0.921	0.495	0.337	1.725e-01
SSRP1	0.124	4.509e-01	1.406	0.469	0.338	1.731e-01
ZNF675	0.266	3.952e-01	1.767	0.451	0.338	1.736e-01
AR	-0.526	7.007e-01	1.233	0.522	0.340	1.775e-01
ARID3A	0.583	2.801e-01	0.961	0.459	0.343	1.821e-01
CDCA2	0.379	3.522e-01	1.281	0.456	0.347	1.872e-01
ZNF766	0.297	3.830e-01	1.046	0.465	0.347	1.878e-01
ZEB1	0.335	3.688e-01	-0.612	0.534	0.348	1.896e-01
SMAD2	0.370	3.557e-01	1.062	0.460	0.349	1.919e-01
ZNF282	0.948	1.716e-01	-0.199	0.474	0.351	1.943e-01
ETV5	0.196	4.221e-01	0.447	0.486	0.351	1.943e-01
TERC	0.525	2.998e-01	1.179	0.452	0.352	1.955e-01
CDK7	0.681	2.481e-01	-0.651	0.507	0.352	1.967e-01
ZNF823	0.246	4.029e-01	1.535	0.450	0.353	1.984e-01
USF1	0.550	2.913e-01	0.136	0.476	0.354	1.990e-01
ZNF84	0.297	3.832e-01	1.440	0.452	0.354	1.997e-01
CRY1	0.191	4.241e-01	1.740	0.447	0.354	1.997e-01
ZNF445	0.317	3.756e-01	1.341	0.453	0.354	2.003e-01
ZNF697	-0.196	5.779e-01	0.898	0.494	0.355	2.009e-01
SMAD4	-0.154	5.613e-01	0.168	0.525	0.355	2.009e-01
HMBOX1	0.374	3.540e-01	1.153	0.456	0.356	2.021e-01
ZNF382	0.299	3.824e-01	1.234	0.454	0.360	2.094e-01
TBL1XR1	-0.016	5.065e-01	-0.426	0.541	0.360	2.094e-01
NKX3-1	0.212	4.159e-01	1.393	0.452	0.361	2.119e-01
JMJD6	0.730	2.328e-01	-0.636	0.492	0.361	2.119e-01
CUX1	-0.892	8.137e-01	-0.001	0.615	0.364	2.163e-01
SUZ12	0.198	4.217e-01	-0.310	0.508	0.365	2.188e-01
ZNF479	0.367	3.568e-01	0.962	0.455	0.366	2.201e-01
NCOR1	0.006	4.975e-01	-0.570	0.540	0.367	2.213e-01
PDX1	0.281	3.895e-01	1.155	0.453	0.368	2.245e-01
RBL1	0.405	3.426e-01	0.757	0.458	0.369	2.252e-01
BRDU	-0.263	6.036e-01	1.316	0.469	0.371	2.284e-01
NFE2L1	0.012	4.951e-01	0.933	0.466	0.374	2.342e-01
ZNF362	0.430	3.336e-01	0.754	0.454	0.374	2.349e-01
PIAS1	0.123	4.512e-01	1.317	0.452	0.375	2.362e-01
KLF16	0.326	3.723e-01	0.725	0.458	0.377	2.408e-01
SIX2	0.120	4.523e-01	1.090	0.456	0.379	2.435e-01
RAG2	0.692	2.444e-01	-0.421	0.474	0.381	2.482e-01
ZNF26	0.117	4.535e-01	1.461	0.443	0.384	2.536e-01
ZBTB14	0.719	2.361e-01	-0.670	0.476	0.386	2.577e-01
GTF2I	0.159	4.368e-01	0.552	0.463	0.388	2.597e-01
ZNF506	0.176	4.300e-01	1.196	0.446	0.388	2.597e-01
ZNF182	0.258	3.984e-01	0.880	0.450	0.389	2.618e-01
NCAPH2	0.868	1.926e-01	-0.734	0.470	0.390	2.652e-01
RARA	-0.608	7.284e-01	-0.198	0.543	0.392	2.687e-01
HIF1A	-0.070	5.279e-01	0.692	0.466	0.393	2.694e-01
ZNF534	0.398	3.452e-01	0.222	0.457	0.394	2.715e-01
PARP1	0.029	4.885e-01	1.499	0.439	0.394	2.722e-01
FAIRE	-0.781	7.827e-01	-0.361	0.569	0.396	2.757e-01
NR2F6	0.181	4.282e-01	0.823	0.452	0.397	2.778e-01
BAHD1	-0.200	5.791e-01	1.525	0.446	0.398	2.792e-01
ZNF468	0.488	3.129e-01	-0.224	0.462	0.399	2.828e-01
ATF4	-0.430	6.664e-01	0.745	0.481	0.400	2.842e-01
NFATC1	-0.353	6.381e-01	-1.313	0.576	0.400	2.849e-01
ZNF100	0.198	4.214e-01	-0.582	0.488	0.401	2.856e-01
ZNF248	-0.025	5.098e-01	1.503	0.437	0.402	2.878e-01
RUNX2	-0.043	5.170e-01	0.797	0.458	0.402	2.878e-01
ZNF141	0.194	4.232e-01	0.871	0.447	0.402	2.878e-01
ZNF280A	-0.006	5.023e-01	1.455	0.438	0.403	2.892e-01
ZNF425	0.227	4.103e-01	0.677	0.449	0.403	2.899e-01
INTS12	0.524	3.000e-01	-0.382	0.464	0.403	2.899e-01
PCGF1	0.704	2.409e-01	-0.905	0.472	0.404	2.913e-01
TFAP4	0.075	4.702e-01	0.038	0.472	0.404	2.928e-01
AFF1	0.147	4.414e-01	-0.344	0.480	0.405	2.935e-01
MAX	0.168	4.333e-01	-1.457	0.528	0.405	2.942e-01
NFE2	-0.135	5.537e-01	-0.028	0.482	0.407	2.971e-01
HOXA2	0.434	3.320e-01	-0.226	0.459	0.407	2.978e-01
FOXP2	0.381	3.514e-01	-0.286	0.462	0.409	3.022e-01
NOTCH3	-0.095	5.380e-01	1.561	0.433	0.410	3.037e-01
SFPQ	-0.088	5.351e-01	1.503	0.433	0.412	3.088e-01
H3F3B	-0.002	5.010e-01	1.208	0.438	0.414	3.132e-01
UBE2I	0.209	4.173e-01	0.393	0.448	0.418	3.206e-01
XCL1	0.344	3.652e-01	-0.109	0.454	0.418	3.206e-01
ZNF169	0.033	4.867e-01	1.042	0.439	0.418	3.214e-01
KLF15	-0.119	5.474e-01	-1.182	0.517	0.419	3.221e-01
MECOM	0.174	4.311e-01	0.538	0.446	0.420	3.236e-01
SCRT2	0.174	4.311e-01	0.661	0.443	0.420	3.251e-01
KLF5	-0.674	7.497e-01	-0.599	0.542	0.423	3.311e-01
ZNF770	0.142	4.436e-01	0.633	0.444	0.423	3.311e-01
ING2	0.317	3.757e-01	-0.148	0.453	0.423	3.318e-01
CDK12	0.348	3.641e-01	-0.248	0.454	0.425	3.356e-01
HCFC1R1	0.090	4.642e-01	0.801	0.442	0.425	3.356e-01
LEO1	0.226	4.107e-01	0.186	0.449	0.426	3.364e-01
KDM5B	-0.092	5.366e-01	-1.284	0.511	0.426	3.371e-01
DNMT1	-0.511	6.953e-01	-0.496	0.514	0.427	3.401e-01
SP1	-0.452	6.744e-01	-1.418	0.557	0.429	3.439e-01
ZNF28	0.143	4.432e-01	0.403	0.444	0.430	3.454e-01
NR0B1	0.426	3.351e-01	-0.592	0.458	0.430	3.462e-01
SOX4	0.141	4.439e-01	0.457	0.442	0.431	3.485e-01
ZNF549	-0.053	5.212e-01	1.059	0.435	0.432	3.500e-01
TRAF7	0.208	4.175e-01	-1.208	0.484	0.433	3.516e-01
MLLT1	-0.663	7.465e-01	-1.156	0.552	0.435	3.554e-01
ZNF273	0.408	3.415e-01	-0.639	0.458	0.435	3.562e-01
ATF7IP	-0.380	6.479e-01	0.936	0.451	0.438	3.631e-01
ZNF257	0.212	4.161e-01	-0.156	0.448	0.441	3.693e-01
FOXA1	-1.762	9.609e-01	0.976	0.537	0.444	3.755e-01
TFAP2A	-0.308	6.211e-01	0.262	0.457	0.448	3.833e-01
SMN1	-0.196	5.776e-01	1.203	0.428	0.450	3.896e-01
RBPJ	-1.197	8.843e-01	-1.339	0.636	0.451	3.911e-01
ZFP28	-0.266	6.047e-01	1.032	0.434	0.452	3.935e-01
SRC	-0.352	6.378e-01	-0.203	0.468	0.453	3.951e-01
ICE2	0.121	4.518e-01	0.015	0.443	0.454	3.966e-01
ZNF2	-0.193	5.765e-01	-0.925	0.483	0.454	3.982e-01
EGR3	0.064	4.744e-01	0.189	0.441	0.455	3.998e-01
MAZ	-0.029	5.115e-01	-1.739	0.510	0.458	4.053e-01
ILK	-0.290	6.139e-01	0.936	0.436	0.458	4.053e-01
ZNF585A	-0.015	5.060e-01	0.336	0.437	0.459	4.077e-01
KLF4	-0.825	7.953e-01	-0.299	0.494	0.459	4.093e-01
ZNF436	-0.103	5.411e-01	0.683	0.433	0.460	4.101e-01
TET3	-0.029	5.117e-01	-1.109	0.475	0.460	4.109e-01
ZTA	-0.369	6.440e-01	1.063	0.435	0.460	4.117e-01
ZNF17	-0.203	5.805e-01	1.052	0.427	0.460	4.117e-01
CLOCK	-0.289	6.138e-01	0.947	0.432	0.462	4.148e-01
TRIM25	-0.246	5.971e-01	-0.970	0.482	0.462	4.156e-01
GFI1B	-0.445	6.719e-01	-0.091	0.465	0.463	4.164e-01
SETD1A	0.232	4.084e-01	-1.162	0.461	0.464	4.188e-01
CBX8	0.091	4.638e-01	-0.916	0.464	0.464	4.204e-01
NFIA	-0.157	5.625e-01	0.441	0.437	0.465	4.212e-01
ZNF649	-0.348	6.362e-01	1.424	0.421	0.466	4.236e-01
CENPT	-0.298	6.171e-01	1.239	0.424	0.466	4.236e-01
SP140	-0.132	5.526e-01	0.210	0.440	0.466	4.244e-01
ZNF586	-0.332	6.302e-01	1.347	0.422	0.467	4.268e-01
ZNF441	0.257	3.985e-01	-0.761	0.450	0.469	4.300e-01
TBP	-0.532	7.025e-01	-1.643	0.537	0.469	4.308e-01
ARNT	-0.479	6.839e-01	-0.342	0.472	0.469	4.316e-01
PKNOX1	-0.174	5.689e-01	0.308	0.437	0.473	4.388e-01
POLR3A	-0.366	6.430e-01	-0.290	0.460	0.475	4.428e-01
ZNF780A	-0.226	5.893e-01	0.806	0.426	0.475	4.444e-01
KDM4A	0.101	4.599e-01	-0.567	0.450	0.476	4.460e-01
LANA	0.048	4.808e-01	-0.994	0.460	0.477	4.484e-01
ZNF140	-0.537	7.042e-01	1.011	0.435	0.477	4.492e-01
L3MBTL2	-0.006	5.023e-01	-0.250	0.441	0.478	4.516e-01
EGR1	-0.421	6.631e-01	-1.553	0.504	0.480	4.557e-01
ZNF429	-0.227	5.897e-01	0.692	0.426	0.481	4.581e-01
ZNF304	-0.261	6.031e-01	0.794	0.425	0.482	4.605e-01
CHD2	-0.430	6.665e-01	-1.740	0.523	0.483	4.629e-01
NFIL3	-0.143	5.568e-01	0.239	0.430	0.484	4.637e-01
UHRF2	0.218	4.139e-01	-0.974	0.448	0.484	4.637e-01
EZH1	-0.327	6.280e-01	-1.698	0.504	0.485	4.661e-01
MYBL2	-0.007	5.027e-01	-0.230	0.437	0.485	4.661e-01
NOTCH1	-0.752	7.741e-01	-1.053	0.496	0.485	4.669e-01
C11orf30	-0.288	6.132e-01	0.033	0.441	0.487	4.702e-01
NR2F1	-0.429	6.662e-01	0.119	0.446	0.488	4.726e-01
CHD5	-0.172	5.684e-01	0.241	0.429	0.489	4.750e-01
PRDM12	-0.368	6.434e-01	1.067	0.420	0.489	4.750e-01
LARP7	-0.834	7.978e-01	0.061	0.463	0.489	4.758e-01
ELF1	-0.586	7.211e-01	-1.490	0.505	0.490	4.766e-01
GTF3C2	0.015	4.939e-01	-0.847	0.451	0.490	4.766e-01
ZNF331	-0.355	6.387e-01	1.027	0.421	0.490	4.766e-01
CHD8	-0.807	7.903e-01	-0.646	0.484	0.491	4.807e-01
FOXO3	-0.476	6.828e-01	-0.921	0.475	0.493	4.847e-01
BRD3	-0.803	7.891e-01	-1.549	0.520	0.495	4.896e-01
ZFP64	-0.442	6.707e-01	-0.171	0.449	0.496	4.912e-01
HSF1	-0.462	6.779e-01	-1.449	0.487	0.496	4.912e-01
HDGF	-1.229	8.905e-01	-0.702	0.518	0.498	4.952e-01
CBX6	-0.150	5.595e-01	-0.917	0.453	0.499	4.976e-01
IKZF2	-0.112	5.447e-01	-0.369	0.438	0.499	4.976e-01
IRAK4	0.150	4.405e-01	-1.019	0.445	0.499	4.985e-01
ZMYND8	-0.211	5.836e-01	-1.373	0.466	0.500	4.993e-01
BCAT1	-0.242	5.954e-01	0.154	0.430	0.500	4.993e-01
DPF2	-0.542	7.062e-01	0.201	0.443	0.501	5.017e-01
TRIM24	-0.359	6.400e-01	-0.415	0.451	0.501	5.025e-01
TTF2	-0.319	6.252e-01	-0.873	0.459	0.501	5.033e-01
HNF4G	-0.538	7.049e-01	0.375	0.436	0.505	5.114e-01
ZNF554	-0.175	5.696e-01	-0.050	0.429	0.505	5.114e-01
ZSCAN16	-0.753	7.743e-01	-1.453	0.496	0.505	5.122e-01
KDM4C	0.150	4.403e-01	-1.243	0.445	0.506	5.130e-01
ADNP	-0.189	5.751e-01	-0.302	0.436	0.506	5.130e-01
ZNF674	0.111	4.558e-01	-0.991	0.443	0.507	5.162e-01
ZNF765	-0.381	6.484e-01	0.792	0.420	0.508	5.179e-01
ZNF605	-0.315	6.234e-01	0.430	0.423	0.508	5.179e-01
PAX6	-1.046	8.523e-01	-0.329	0.478	0.508	5.187e-01
ZNF664	-0.262	6.034e-01	-0.221	0.434	0.509	5.211e-01
CAMTA2	-0.233	5.922e-01	0.074	0.426	0.510	5.219e-01
MBD4	-0.107	5.427e-01	-0.382	0.432	0.510	5.235e-01
RYBP	-0.158	5.626e-01	-1.522	0.463	0.511	5.251e-01
ZNF611	-0.068	5.273e-01	-0.530	0.434	0.512	5.276e-01
INTS11	0.120	4.523e-01	-1.299	0.445	0.513	5.284e-01
MTA3	-1.355	9.123e-01	-1.432	0.545	0.513	5.300e-01
ZFX	-0.431	6.669e-01	-0.957	0.461	0.514	5.308e-01
ZNF343	0.113	4.549e-01	-1.267	0.443	0.515	5.340e-01
SMARCC2	-0.095	5.377e-01	-0.565	0.434	0.516	5.356e-01
ZBTB17	-0.635	7.374e-01	-1.087	0.470	0.518	5.397e-01
PRDM11	-0.316	6.240e-01	-1.455	0.464	0.518	5.405e-01
ARID5B	-0.138	5.551e-01	-0.500	0.431	0.520	5.445e-01
ZNF563	-0.385	6.499e-01	0.447	0.419	0.520	5.453e-01
ETV1	-0.352	6.376e-01	-1.148	0.456	0.521	5.469e-01
HDAC1	-0.988	8.383e-01	-1.656	0.524	0.522	5.493e-01
ZNF44	-0.141	5.559e-01	-0.523	0.430	0.523	5.517e-01
BRPF3	0.102	4.595e-01	-1.485	0.446	0.523	5.517e-01
EGR2	-0.303	6.190e-01	-0.747	0.444	0.524	5.541e-01
SMARCA5	-0.557	7.114e-01	-0.073	0.438	0.524	5.541e-01
ZNF788	-0.503	6.925e-01	0.064	0.432	0.525	5.565e-01
ZNF800	-0.496	6.902e-01	0.434	0.422	0.527	5.598e-01
AHR	-1.009	8.436e-01	0.369	0.446	0.527	5.606e-01
USF2	-0.911	8.188e-01	-1.704	0.508	0.528	5.622e-01
PR	-3.191	9.993e-01	0.218	0.515	0.531	5.694e-01
SIRT6	-0.338	6.321e-01	0.008	0.422	0.533	5.734e-01
ESRRA	-0.683	7.528e-01	-1.384	0.471	0.534	5.766e-01
ZNF366	-0.316	6.239e-01	-0.895	0.440	0.537	5.837e-01
ZNF35	-0.171	5.677e-01	-0.682	0.429	0.538	5.845e-01
HDAC6	-0.678	7.512e-01	-1.223	0.463	0.539	5.869e-01
EHMT2	-1.875	9.696e-01	0.168	0.484	0.541	5.909e-01
MYF5	-0.285	6.123e-01	-0.408	0.424	0.543	5.956e-01
POLR2M	-0.643	7.400e-01	-1.787	0.484	0.543	5.964e-01
ZNF618	-0.287	6.130e-01	-0.384	0.424	0.543	5.964e-01
YBX1	-1.112	8.668e-01	0.922	0.426	0.548	6.067e-01
ZNF786	-0.077	5.306e-01	-1.334	0.434	0.549	6.090e-01
NBN	-1.317	9.060e-01	-0.973	0.485	0.550	6.122e-01
FEZF1	-0.565	7.141e-01	-0.208	0.426	0.552	6.153e-01
ZNF573	-0.528	7.014e-01	0.273	0.412	0.554	6.192e-01
SPDEF	-0.966	8.331e-01	-1.256	0.468	0.555	6.231e-01
CHD7	-0.961	8.318e-01	-0.762	0.456	0.560	6.324e-01
BCL3	-2.030	9.788e-01	-1.298	0.537	0.561	6.347e-01
E2F5	-0.309	6.214e-01	-1.028	0.430	0.562	6.371e-01
CCNT2	-0.184	5.730e-01	-1.289	0.429	0.564	6.425e-01
ZNF175	-0.976	8.356e-01	0.126	0.430	0.566	6.455e-01
ARID2	-0.361	6.410e-01	-1.620	0.449	0.567	6.471e-01
ZNF93	-0.373	6.455e-01	-0.505	0.420	0.567	6.486e-01
ZBTB40	-1.805	9.645e-01	-1.838	0.568	0.568	6.501e-01
TAF1	-1.055	8.544e-01	-1.693	0.486	0.570	6.539e-01
MXI1	-0.771	7.797e-01	-2.291	0.513	0.570	6.547e-01
ZNF778	-0.607	7.280e-01	-0.681	0.433	0.571	6.562e-01
BACH1	-0.897	8.152e-01	-0.845	0.445	0.572	6.577e-01
ZNF263	-0.463	6.785e-01	-1.323	0.439	0.573	6.600e-01
PTTG1	-0.789	7.850e-01	0.288	0.411	0.574	6.623e-01
KLF6	-0.199	5.788e-01	-1.409	0.428	0.575	6.645e-01
MECP2	-0.543	7.065e-01	-1.678	0.455	0.576	6.660e-01
ZNF320	-0.854	8.034e-01	0.196	0.416	0.576	6.668e-01
TFAP2C	-1.391	9.179e-01	-0.279	0.453	0.577	6.683e-01
MBD1	-0.436	6.685e-01	-1.465	0.439	0.578	6.706e-01
ESR1	-16.455	1.000e+00	-0.308	0.501	0.579	6.736e-01
ZNF318	-0.924	8.224e-01	-0.472	0.433	0.581	6.773e-01
INTS3	-0.177	5.703e-01	-1.563	0.429	0.582	6.788e-01
MYC	-4.029	1.000e+00	-1.665	0.577	0.582	6.795e-01
PRDM10	-0.328	6.286e-01	-1.308	0.427	0.582	6.803e-01
OSR2	-0.692	7.556e-01	-0.484	0.424	0.583	6.825e-01
MBD2	-1.645	9.500e-01	-1.839	0.532	0.585	6.855e-01
NFYB	-1.119	8.684e-01	-1.374	0.462	0.585	6.862e-01
LMTK3	-0.986	8.379e-01	0.033	0.421	0.589	6.935e-01
ZNF354C	-0.821	7.943e-01	0.451	0.396	0.593	7.023e-01
GLIS1	-0.778	7.817e-01	-1.306	0.438	0.596	7.073e-01
MED1	-4.097	1.000e+00	-1.855	0.581	0.596	7.088e-01
ASH1L	-0.312	6.224e-01	-1.448	0.423	0.597	7.095e-01
CREM	-0.979	8.363e-01	-0.862	0.438	0.597	7.102e-01
ZNF134	-0.564	7.138e-01	-0.431	0.410	0.599	7.131e-01
MKL1	-0.398	6.547e-01	-1.182	0.419	0.600	7.166e-01
ZNF547	-0.988	8.383e-01	-1.553	0.455	0.603	7.216e-01
ZNF707	-1.191	8.832e-01	0.269	0.415	0.603	7.223e-01
PTRF	-0.970	8.341e-01	0.226	0.407	0.603	7.223e-01
SOX9	-0.854	8.035e-01	-1.718	0.454	0.604	7.237e-01
ZNF589	-0.629	7.355e-01	-0.984	0.423	0.604	7.244e-01
KDM5C	-0.650	7.421e-01	-1.614	0.439	0.605	7.251e-01
PLRG1	-1.165	8.779e-01	0.658	0.406	0.605	7.251e-01
ZNF600	-0.454	6.751e-01	-1.368	0.424	0.605	7.258e-01
POLR2A	-18.108	1.000e+00	-1.826	0.570	0.606	7.286e-01
PPARG	-3.544	9.998e-01	-1.086	0.503	0.608	7.314e-01
BPTF	-0.275	6.085e-01	-1.692	0.424	0.609	7.328e-01
STAT2	-1.073	8.583e-01	-1.317	0.447	0.610	7.349e-01
CD59	-0.537	7.042e-01	-0.782	0.411	0.610	7.363e-01
ZNF217	-0.814	7.923e-01	0.033	0.396	0.613	7.411e-01
SOX13	-0.746	7.722e-01	-0.688	0.416	0.614	7.431e-01
PITX3	-0.663	7.462e-01	-0.470	0.405	0.615	7.445e-01
CDK6	-0.349	6.364e-01	-1.594	0.421	0.615	7.452e-01
ZC3H8	-0.872	8.085e-01	-1.381	0.434	0.617	7.486e-01
ZNF467	-0.427	6.653e-01	-1.430	0.417	0.617	7.493e-01
HHEX	-0.940	8.264e-01	-0.190	0.406	0.619	7.519e-01
RFX5	-1.207	8.864e-01	-2.090	0.485	0.620	7.540e-01
LEF1	-1.086	8.612e-01	-1.541	0.450	0.620	7.540e-01
SIX1	-0.982	8.369e-01	-0.505	0.419	0.620	7.540e-01
GTF3C5	-0.273	6.075e-01	-1.981	0.431	0.621	7.566e-01
HDAC2	-1.386	9.171e-01	-2.548	0.534	0.622	7.586e-01
REST	-7.683	1.000e+00	-0.379	0.471	0.622	7.586e-01
ZNF292	-0.906	8.176e-01	0.152	0.391	0.622	7.586e-01
TCOF1	-0.396	6.539e-01	-1.593	0.419	0.624	7.619e-01
GATAD2B	-1.427	9.232e-01	-1.758	0.474	0.625	7.639e-01
GABPA	-2.308	9.895e-01	-1.629	0.503	0.625	7.646e-01
EGLN2	-0.446	6.723e-01	-1.458	0.416	0.625	7.646e-01
SON	-0.661	7.458e-01	-0.722	0.405	0.629	7.704e-01
DDX20	-1.298	9.029e-01	-0.641	0.432	0.629	7.704e-01
ZBTB42	-0.621	7.325e-01	-0.932	0.407	0.630	7.724e-01
BRD1	-0.338	6.323e-01	-1.768	0.422	0.630	7.724e-01
NEUROG2	-1.641	9.496e-01	0.021	0.427	0.631	7.749e-01
NFATC3	-0.498	6.906e-01	-1.409	0.413	0.631	7.749e-01
TEAD2	-0.997	8.406e-01	-0.305	0.408	0.632	7.756e-01
POLR2H	-0.688	7.541e-01	-1.195	0.414	0.633	7.788e-01
NR5A2	-1.371	9.148e-01	-0.158	0.418	0.634	7.801e-01
CHAMP1	-0.799	7.880e-01	-1.212	0.417	0.635	7.813e-01
E2F2	-0.669	7.483e-01	-0.885	0.405	0.636	7.838e-01
SCML2	-0.716	7.629e-01	-1.685	0.428	0.638	7.876e-01
ZNF483	-0.458	6.767e-01	-1.622	0.415	0.641	7.925e-01
ZEB2	-0.956	8.305e-01	-1.564	0.430	0.644	7.968e-01
SF1	-0.996	8.403e-01	0.143	0.386	0.644	7.968e-01
SETDB1	-2.799	9.974e-01	-0.938	0.465	0.646	8.011e-01
E2F6	-0.771	7.798e-01	-2.045	0.442	0.648	8.035e-01
ZBTB6	-0.892	8.139e-01	-1.560	0.424	0.648	8.041e-01
UBTF	-0.863	8.059e-01	-1.919	0.439	0.648	8.046e-01
MEF2D	-0.988	8.383e-01	-0.540	0.405	0.650	8.070e-01
ZNF584	-0.933	8.245e-01	-1.200	0.416	0.650	8.076e-01
MORC2	-1.415	9.215e-01	-1.535	0.447	0.650	8.076e-01
ZNF768	-0.928	8.233e-01	-0.327	0.390	0.651	8.082e-01
HIC1	-0.545	7.070e-01	-1.874	0.424	0.652	8.100e-01
ZNF121	-1.029	8.482e-01	-1.670	0.435	0.653	8.117e-01
HAND2	-0.998	8.408e-01	-0.081	0.386	0.654	8.129e-01
HEXIM1	-0.932	8.244e-01	-2.226	0.456	0.655	8.146e-01
YY1	-4.054	1.000e+00	-1.939	0.514	0.656	8.169e-01
MAPK1	-0.806	7.898e-01	-2.034	0.438	0.657	8.186e-01
KLF12	-0.488	6.874e-01	-1.752	0.414	0.659	8.214e-01
ZNF585B	-1.205	8.860e-01	-0.263	0.399	0.660	8.237e-01
ZNF488	-1.248	8.940e-01	-0.208	0.398	0.662	8.259e-01
PPARD	-0.665	7.471e-01	-1.463	0.405	0.663	8.276e-01
ASCL1	-3.949	1.000e+00	-0.317	0.445	0.663	8.281e-01
PBX2	-1.685	9.540e-01	-1.544	0.453	0.664	8.298e-01
ZNF287	-1.123	8.694e-01	0.109	0.378	0.666	8.320e-01
NEUROD1	-2.121	9.830e-01	-0.845	0.445	0.666	8.325e-01
E2F1	-5.680	1.000e+00	-2.108	0.526	0.670	8.384e-01
ZNF8	-1.464	9.284e-01	-0.920	0.424	0.670	8.389e-01
ZBTB26	-0.709	7.608e-01	-2.277	0.441	0.671	8.394e-01
HOXA4	-0.430	6.663e-01	-2.044	0.417	0.673	8.420e-01
ZNF438	-0.924	8.222e-01	-1.578	0.415	0.673	8.426e-01
HMGN3	-0.488	6.871e-01	-1.973	0.414	0.675	8.457e-01
PAF1	-2.310	9.896e-01	-1.639	0.466	0.675	8.462e-01
IRF9	-1.229	8.904e-01	-0.413	0.396	0.676	8.467e-01
ASH2L	-1.232	8.910e-01	-0.542	0.401	0.677	8.477e-01
KAT7	-0.501	6.918e-01	-1.968	0.413	0.678	8.492e-01
POLR2B	-1.123	8.694e-01	-1.756	0.430	0.678	8.492e-01
TAF3	-0.594	7.239e-01	-1.812	0.408	0.678	8.502e-01
ZKSCAN5	-0.386	6.503e-01	-2.200	0.419	0.680	8.527e-01
GLYR1	-0.418	6.620e-01	-2.144	0.418	0.681	8.542e-01
CREB1	-3.372	9.996e-01	-2.435	0.540	0.682	8.547e-01
ZBTB48	-2.174	9.851e-01	-0.693	0.435	0.682	8.552e-01
RB1	-1.959	9.749e-01	-1.840	0.465	0.683	8.562e-01
SP7	-0.551	7.093e-01	-2.087	0.420	0.683	8.562e-01
SUPT5H	-2.117	9.829e-01	-1.823	0.466	0.683	8.571e-01
NCAPG2	-1.130	8.707e-01	-0.256	0.378	0.684	8.576e-01
H2AFX	-1.811	9.649e-01	-0.392	0.419	0.684	8.581e-01
ZSCAN20	-0.891	8.135e-01	-1.617	0.407	0.684	8.586e-01
XBP1	-1.670	9.525e-01	-1.570	0.443	0.684	8.586e-01
E2F4	-2.156	9.845e-01	-1.990	0.475	0.686	8.605e-01
PYGO2	-1.242	8.929e-01	-0.514	0.393	0.686	8.605e-01
E2F3	-0.538	7.045e-01	-1.981	0.411	0.686	8.605e-01
FOXM1	-5.362	1.000e+00	-2.552	0.545	0.686	8.610e-01
FOXK1	-1.485	9.312e-01	-0.845	0.414	0.688	8.629e-01
ZNF558	-0.999	8.410e-01	-1.650	0.416	0.688	8.634e-01
ORC1	-0.773	7.803e-01	-1.602	0.399	0.688	8.639e-01
PHF2	-0.758	7.759e-01	-1.928	0.414	0.689	8.648e-01
ZNF644	-1.051	8.533e-01	-1.488	0.409	0.691	8.671e-01
HMGN1	-0.787	7.844e-01	-1.611	0.398	0.692	8.680e-01
MAFB	-0.877	8.099e-01	-1.430	0.393	0.692	8.680e-01
ID3	-0.941	8.268e-01	-1.572	0.406	0.692	8.685e-01
GTF2F1	-1.300	9.032e-01	-2.265	0.457	0.692	8.685e-01
ZNF138	-1.074	8.586e-01	-0.555	0.381	0.692	8.685e-01
ZBTB33	-3.191	9.993e-01	-2.113	0.493	0.694	8.713e-01
WDR5	-1.295	9.023e-01	-2.145	0.450	0.694	8.713e-01
APOBEC3B	-0.957	8.307e-01	-1.113	0.389	0.694	8.713e-01
BTAF1	-0.861	8.055e-01	-1.513	0.394	0.695	8.722e-01
ARRB1	-1.300	9.032e-01	-0.571	0.393	0.696	8.731e-01
AGO1	-1.239	8.923e-01	-1.057	0.404	0.696	8.740e-01
ZNF335	-0.473	6.820e-01	-2.412	0.425	0.696	8.740e-01
ZNF143	-3.317	9.995e-01	-2.268	0.506	0.697	8.744e-01
ZNF610	-1.199	8.847e-01	-2.469	0.458	0.697	8.753e-01
FAM208A	-0.923	8.221e-01	-1.787	0.409	0.700	8.779e-01
ELK3	-0.758	7.757e-01	-1.749	0.400	0.700	8.779e-01
ZNF48	-1.294	9.022e-01	-0.214	0.364	0.704	8.836e-01
WHSC1	-1.231	8.908e-01	-0.938	0.393	0.705	8.844e-01
TBL1X	-0.567	7.148e-01	-2.103	0.410	0.706	8.857e-01
ZNF274	-1.663	9.519e-01	-0.013	0.384	0.708	8.877e-01
SPIN1	-0.816	7.928e-01	-1.733	0.396	0.708	8.877e-01
ZNF146	-1.360	9.130e-01	-1.605	0.418	0.708	8.882e-01
ZNF16	-1.509	9.344e-01	-0.831	0.402	0.709	8.886e-01
CREB3L4	-1.042	8.512e-01	-1.194	0.384	0.712	8.922e-01
EMX1	-0.947	8.283e-01	-2.437	0.437	0.712	8.930e-01
ZNF197	-0.994	8.400e-01	-1.710	0.403	0.715	8.962e-01
ZNF671	-0.780	7.822e-01	-1.914	0.399	0.716	8.966e-01
BRCA1	-2.333	9.902e-01	-2.096	0.467	0.718	8.990e-01
KLF1	-1.821	9.657e-01	-2.664	0.479	0.720	9.009e-01
LRWD1	-1.430	9.237e-01	-0.044	0.347	0.720	9.009e-01
POU2F1	-1.400	9.192e-01	-0.220	0.352	0.720	9.016e-01
DNMT3B	-2.050	9.798e-01	-1.731	0.441	0.721	9.020e-01
BCL11B	-1.649	9.504e-01	-1.728	0.428	0.724	9.054e-01
SP4	-0.937	8.256e-01	-2.387	0.428	0.725	9.065e-01
ZNF394	-0.601	7.262e-01	-2.659	0.421	0.727	9.079e-01
AFF4	-2.494	9.937e-01	-1.864	0.452	0.727	9.087e-01
ZNF711	-0.933	8.245e-01	-1.733	0.390	0.728	9.097e-01
BRD2	-2.128	9.833e-01	-2.121	0.459	0.729	9.105e-01
ZKSCAN1	-1.868	9.691e-01	-1.887	0.439	0.731	9.122e-01
HES1	-1.509	9.343e-01	-1.549	0.409	0.732	9.133e-01
ASXL1	-0.600	7.256e-01	-2.313	0.408	0.732	9.136e-01
ZXDC	-1.147	8.744e-01	-1.278	0.376	0.733	9.147e-01
ZNF701	-1.122	8.691e-01	-1.402	0.378	0.734	9.154e-01
DROSHA	-0.858	8.047e-01	-2.551	0.423	0.736	9.171e-01
SOX10	-1.343	9.103e-01	-0.613	0.358	0.736	9.171e-01
SIN3A	-2.227	9.870e-01	-2.371	0.471	0.736	9.174e-01
ZKSCAN8	-1.313	9.054e-01	-1.562	0.396	0.738	9.187e-01
GATAD1	-1.405	9.200e-01	-1.916	0.418	0.738	9.191e-01
ZNF430	-1.442	9.253e-01	-0.383	0.346	0.739	9.201e-01
AEBP2	-1.624	9.478e-01	-0.852	0.388	0.742	9.224e-01
ZNF189	-0.599	7.255e-01	-2.508	0.408	0.742	9.227e-01
ZMIZ1	-1.026	8.475e-01	-1.974	0.402	0.742	9.227e-01
ETS2	-1.743	9.593e-01	-1.747	0.424	0.742	9.230e-01
ZNF682	-0.916	8.201e-01	-2.258	0.412	0.743	9.233e-01
PRAME	-0.842	8.000e-01	-2.067	0.395	0.743	9.240e-01
ZFP37	-0.646	7.410e-01	-2.840	0.417	0.744	9.243e-01
SREBF1	-2.187	9.856e-01	-2.057	0.448	0.745	9.252e-01
ZIC2	-1.035	8.497e-01	-1.707	0.384	0.745	9.256e-01
ORC2	-1.033	8.492e-01	-1.713	0.384	0.746	9.259e-01
RAD51	-1.743	9.593e-01	-1.290	0.404	0.748	9.277e-01
CENPC	-1.595	9.447e-01	-0.219	0.317	0.748	9.277e-01
ZBTB7A	-2.037	9.792e-01	-2.354	0.458	0.749	9.287e-01
ZNF207	-2.528	9.943e-01	-0.302	0.391	0.749	9.287e-01
GABP	-1.161	8.771e-01	-2.135	0.414	0.750	9.296e-01
DPF1	-1.184	8.818e-01	-2.203	0.417	0.750	9.299e-01
ZFP41	-1.756	9.605e-01	-0.438	0.372	0.751	9.302e-01
RPE	-1.582	9.431e-01	-1.900	0.418	0.752	9.317e-01
SIX4	-1.512	9.347e-01	-0.491	0.334	0.753	9.320e-01
KLF8	-0.851	8.027e-01	-2.674	0.416	0.755	9.337e-01
HEY1	-1.051	8.533e-01	-2.299	0.416	0.756	9.349e-01
CHD1	-3.125	9.991e-01	-2.307	0.463	0.758	9.360e-01
CBFA2T2	-1.133	8.714e-01	-1.673	0.377	0.758	9.366e-01
ZNF692	-0.751	7.736e-01	-2.863	0.412	0.759	9.369e-01
BANP	-1.601	9.453e-01	-1.498	0.394	0.759	9.372e-01
CTBP2	-1.328	9.079e-01	-2.429	0.429	0.759	9.372e-01
GRHL1	-1.314	9.056e-01	-1.300	0.362	0.760	9.380e-01
POLR2AphosphoS5	-1.512	9.347e-01	-2.193	0.425	0.761	9.386e-01
NRF1	-4.820	1.000e+00	-2.225	0.458	0.766	9.421e-01
TSHZ1	-1.144	8.737e-01	-2.079	0.400	0.766	9.426e-01
C17orf49	-1.014	8.447e-01	-2.245	0.405	0.767	9.434e-01
GPS2	-0.813	7.918e-01	-2.399	0.396	0.770	9.452e-01
CREB3	-1.551	9.395e-01	-1.445	0.381	0.770	9.455e-01
KAT5	-1.854	9.681e-01	-1.789	0.414	0.772	9.468e-01
AUTS2	-0.927	8.229e-01	-2.227	0.391	0.774	9.478e-01
NR2C2	-3.795	9.999e-01	-2.041	0.440	0.776	9.495e-01
HOXA6	-0.965	8.328e-01	-2.164	0.388	0.778	9.507e-01
ZNF528	-0.731	7.677e-01	-3.029	0.401	0.780	9.519e-01
GTF2A2	-1.364	9.138e-01	-1.532	0.356	0.780	9.521e-01
NONO	-2.033	9.790e-01	-0.557	0.358	0.780	9.524e-01
KMT2D	-3.213	9.993e-01	-1.912	0.429	0.781	9.528e-01
ZNF837	-1.685	9.540e-01	-1.598	0.390	0.783	9.542e-01
ZXDB	-0.934	8.249e-01	-2.823	0.406	0.784	9.544e-01
HLTF	-1.421	9.223e-01	-1.853	0.389	0.784	9.547e-01
MRE11A	-1.414	9.213e-01	-1.946	0.391	0.785	9.556e-01
ZBTB8A	-0.964	8.325e-01	-2.775	0.406	0.786	9.558e-01
CTBP1	-1.902	9.714e-01	-1.535	0.392	0.786	9.560e-01
USP49	-1.689	9.544e-01	-0.634	0.275	0.788	9.569e-01
ZSCAN29	-1.391	9.179e-01	-2.096	0.400	0.788	9.571e-01
ATF1	-2.799	9.974e-01	-2.225	0.439	0.789	9.575e-01
INO80	-2.300	9.893e-01	-2.225	0.435	0.789	9.578e-01
FOXG1	-1.243	8.930e-01	-1.845	0.369	0.791	9.588e-01
TFDP1	-2.191	9.858e-01	-1.992	0.421	0.793	9.599e-01
RBBP5	-2.138	9.837e-01	-2.544	0.441	0.794	9.605e-01
IRAK1	-0.930	8.237e-01	-2.454	0.390	0.795	9.611e-01
CBX1	-1.259	8.960e-01	-2.573	0.412	0.795	9.613e-01
ZNF639	-2.241	9.875e-01	-2.101	0.426	0.795	9.613e-01
ELK1	-3.233	9.994e-01	-1.975	0.425	0.796	9.619e-01
ZFP2	-1.040	8.509e-01	-3.149	0.410	0.797	9.623e-01
ZNF101	-1.398	9.190e-01	-3.231	0.425	0.797	9.623e-01
GLIS2	-1.069	8.575e-01	-2.737	0.406	0.797	9.623e-01
ETV7	-1.273	8.984e-01	-1.885	0.366	0.797	9.625e-01
L3MBTL4	-0.946	8.280e-01	-2.449	0.389	0.799	9.633e-01
IRF3	-1.694	9.549e-01	-1.906	0.397	0.799	9.635e-01
TGIF2	-1.185	8.821e-01	-2.641	0.406	0.800	9.639e-01
GREB1	-3.156	9.992e-01	-0.640	0.367	0.800	9.641e-01
SETX	-0.913	8.193e-01	-2.696	0.391	0.801	9.645e-01
NELFE	-5.930	1.000e+00	-2.164	0.437	0.802	9.649e-01
ZNF24	-2.230	9.871e-01	-2.099	0.423	0.802	9.649e-01
E2F8	-1.201	8.852e-01	-2.050	0.372	0.802	9.651e-01
ZNF260	-1.261	8.964e-01	-1.974	0.367	0.803	9.656e-01
ZNF83	-1.497	9.329e-01	-2.179	0.402	0.803	9.658e-01
MIER1	-1.511	9.346e-01	-1.996	0.389	0.806	9.671e-01
FXR1	-1.210	8.869e-01	-2.049	0.371	0.806	9.671e-01
ZNF740	-1.427	9.232e-01	-2.284	0.404	0.808	9.680e-01
THAP1	-1.056	8.544e-01	-2.284	0.383	0.808	9.680e-01
ZNF239	-1.650	9.505e-01	-1.762	0.381	0.809	9.686e-01
ZNF414	-1.093	8.629e-01	-3.339	0.406	0.809	9.686e-01
ZSCAN2	-1.573	9.422e-01	-1.512	0.322	0.810	9.689e-01
WT1	-1.126	8.699e-01	-2.681	0.398	0.812	9.700e-01
RARG	-2.031	9.789e-01	-1.630	0.384	0.812	9.701e-01
CBX4	-0.907	8.178e-01	-3.368	0.391	0.812	9.703e-01
MBTD1	-1.043	8.514e-01	-2.406	0.384	0.814	9.711e-01
ZNF501	-1.122	8.691e-01	-3.435	0.404	0.817	9.723e-01
DLX1	-1.276	8.991e-01	-2.078	0.366	0.819	9.731e-01
FOXD2	-1.226	8.900e-01	-2.159	0.370	0.819	9.734e-01
MYCN	-2.725	9.968e-01	-2.333	0.429	0.820	9.736e-01
TAF7	-2.486	9.935e-01	-2.275	0.425	0.820	9.736e-01
HINFP	-1.575	9.423e-01	-2.163	0.393	0.820	9.737e-01
NCOA1	-1.694	9.549e-01	-1.836	0.378	0.820	9.739e-01
SP3	-1.186	8.822e-01	-2.877	0.399	0.821	9.741e-01
SREBF2	-1.363	9.135e-01	-1.987	0.356	0.821	9.742e-01
HCFC1	-3.205	9.993e-01	-2.235	0.425	0.821	9.744e-01
KLF3	-1.456	9.274e-01	-1.831	0.343	0.821	9.744e-01
KLF9	-1.759	9.607e-01	-2.475	0.419	0.822	9.745e-01
ZNF695	-0.968	8.334e-01	-2.984	0.388	0.822	9.748e-01
FOXJ2	-1.606	9.458e-01	-1.981	0.380	0.823	9.750e-01
ZNF350	-1.202	8.853e-01	-2.253	0.372	0.824	9.754e-01
HJURP	-1.575	9.424e-01	-1.692	0.322	0.826	9.762e-01
CDC5L	-1.841	9.672e-01	-1.692	0.366	0.826	9.762e-01
ZFP69B	-1.205	8.859e-01	-3.366	0.402	0.826	9.763e-01
KLF11	-1.494	9.324e-01	-2.861	0.411	0.827	9.768e-01
MCM7	-2.543	9.945e-01	-1.255	0.355	0.828	9.771e-01
MBOAT4	-1.139	8.726e-01	-2.372	0.377	0.829	9.773e-01
SMAD5	-1.837	9.669e-01	-1.867	0.379	0.829	9.775e-01
ZNF518A	-1.328	9.079e-01	-2.600	0.396	0.829	9.776e-01
BARX1	-1.409	9.205e-01	-2.013	0.351	0.831	9.783e-01
RAC3	-1.523	9.361e-01	-1.867	0.332	0.833	9.789e-01
MCRS1	-1.216	8.881e-01	-2.287	0.371	0.833	9.790e-01
GTF2E2	-1.381	9.164e-01	-2.076	0.354	0.834	9.793e-01
YBX3	-1.958	9.749e-01	-1.690	0.361	0.835	9.797e-01
ZNF580	-1.285	9.006e-01	-2.756	0.392	0.836	9.801e-01
INSM2	-1.311	9.052e-01	-2.720	0.392	0.837	9.805e-01
FGFR1	-1.525	9.364e-01	-2.624	0.400	0.839	9.812e-01
NCAPG	-2.677	9.963e-01	-1.713	0.379	0.842	9.822e-01
SIX5	-2.886	9.980e-01	-2.095	0.405	0.842	9.823e-01
GTF2B	-4.135	1.000e+00	-2.079	0.410	0.843	9.826e-01
PPARGC1A	-1.331	9.084e-01	-2.236	0.360	0.844	9.828e-01
MCM3	-1.925	9.729e-01	-1.769	0.360	0.844	9.829e-01
MYNN	-2.086	9.815e-01	-2.930	0.422	0.844	9.831e-01
KAT8	-2.189	9.857e-01	-1.958	0.384	0.844	9.831e-01
CSDE1	-2.300	9.893e-01	-1.951	0.387	0.845	9.832e-01
NPAT	-1.280	8.996e-01	-2.318	0.365	0.845	9.834e-01
SNAPC1	-1.716	9.570e-01	-1.676	0.249	0.845	9.834e-01
ZNF623	-1.408	9.204e-01	-2.690	0.389	0.849	9.845e-01
HBP1	-1.436	9.245e-01	-2.674	0.391	0.850	9.848e-01
ZNF280D	-1.407	9.203e-01	-2.663	0.387	0.851	9.851e-01
NFAT5	-1.553	9.397e-01	-2.028	0.326	0.853	9.857e-01
PHF8	-4.013	1.000e+00	-2.211	0.409	0.854	9.860e-01
CASP8AP2	-1.570	9.418e-01	-2.024	0.322	0.854	9.860e-01
PATZ1	-1.608	9.461e-01	-3.070	0.403	0.856	9.864e-01
CSNK2A1	-1.428	9.233e-01	-2.218	0.348	0.856	9.864e-01
ZBTB11	-3.071	9.989e-01	-2.392	0.415	0.856	9.865e-01
GMEB1	-1.730	9.582e-01	-1.757	0.202	0.856	9.865e-01
RBL2	-3.584	9.998e-01	-2.035	0.396	0.858	9.870e-01
ZNF131	-1.716	9.569e-01	-1.824	0.250	0.858	9.870e-01
ELF2	-1.728	9.580e-01	-1.811	0.212	0.858	9.871e-01
NFYA	-3.152	9.992e-01	-2.143	0.400	0.858	9.872e-01
COPS2	-1.365	9.139e-01	-2.327	0.356	0.859	9.873e-01
ZNF18	-1.919	9.725e-01	-2.870	0.411	0.860	9.875e-01
ZBTB1	-1.598	9.450e-01	-2.526	0.387	0.860	9.876e-01
ZNF574	-1.205	8.859e-01	-3.055	0.372	0.860	9.877e-01
FOXK2	-3.146	9.992e-01	-2.112	0.396	0.861	9.880e-01
BARX2	-1.712	9.566e-01	-1.868	0.254	0.862	9.881e-01
RBCK1	-1.675	9.530e-01	-1.963	0.287	0.862	9.882e-01
OGT	-2.537	9.944e-01	-2.302	0.405	0.863	9.884e-01
EMSY	-1.688	9.543e-01	-1.939	0.277	0.863	9.884e-01
KLF17	-1.410	9.208e-01	-3.437	0.389	0.863	9.885e-01
RUVBL1	-1.509	9.343e-01	-2.214	0.334	0.863	9.885e-01
NFYC	-1.634	9.489e-01	-2.032	0.304	0.863	9.885e-01
ARNTL	-2.376	9.912e-01	-2.063	0.385	0.864	9.887e-01
DIDO1	-1.957	9.748e-01	-2.013	0.363	0.864	9.887e-01
NELFA	-4.772	1.000e+00	-2.056	0.393	0.866	9.893e-01
DEAF1	-1.563	9.410e-01	-2.143	0.324	0.867	9.893e-01
HOXA1	-1.666	9.521e-01	-2.009	0.291	0.867	9.895e-01
ZNF75A	-1.711	9.565e-01	-1.966	0.255	0.868	9.896e-01
TDRD3	-1.646	9.501e-01	-2.039	0.300	0.868	9.898e-01
ELL2	-3.852	9.999e-01	-2.287	0.406	0.869	9.899e-01
ZNF341	-1.645	9.500e-01	-3.117	0.396	0.870	9.900e-01
PTPN11	-1.368	9.143e-01	-2.508	0.356	0.870	9.900e-01
RBP2	-1.692	9.547e-01	-1.978	0.273	0.870	9.900e-01
ZNF592	-2.143	9.839e-01	-1.899	0.335	0.870	9.902e-01
MXD3	-1.681	9.536e-01	-2.013	0.282	0.871	9.903e-01
ZNF76	-2.367	9.910e-01	-2.826	0.413	0.872	9.905e-01
KRAB	-2.943	9.984e-01	-2.065	0.382	0.874	9.909e-01
KDM4B	-1.801	9.642e-01	-2.337	0.381	0.875	9.911e-01
TRRAP	-1.904	9.715e-01	-2.204	0.371	0.875	9.912e-01
ASCL2	-1.451	9.266e-01	-2.375	0.344	0.876	9.914e-01
HDAC8	-2.285	9.888e-01	-2.078	0.372	0.876	9.915e-01
NFRKB	-2.102	9.822e-01	-1.992	0.345	0.876	9.915e-01
ZBTB10	-1.643	9.498e-01	-2.128	0.301	0.878	9.918e-01
RFX2	-1.572	9.420e-01	-2.240	0.322	0.878	9.919e-01
ZNF423	-1.613	9.466e-01	-2.766	0.382	0.879	9.920e-01
VEZF1	-1.889	9.706e-01	-2.310	0.378	0.881	9.924e-01
ZNF346	-1.512	9.347e-01	-3.553	0.383	0.881	9.924e-01
TET1	-1.426	9.231e-01	-2.640	0.348	0.882	9.926e-01
ARNT2	-1.552	9.396e-01	-2.293	0.326	0.883	9.927e-01
CCDC101	-2.043	9.795e-01	-2.159	0.361	0.884	9.929e-01
ZBTB7B	-1.631	9.485e-01	-2.232	0.305	0.884	9.930e-01
RFX1	-3.409	9.997e-01	-2.420	0.403	0.884	9.930e-01
NKRF	-1.992	9.768e-01	-2.271	0.372	0.885	9.932e-01
SP2	-2.466	9.932e-01	-2.715	0.404	0.885	9.932e-01
ATOH1	-1.535	9.376e-01	-2.356	0.329	0.886	9.933e-01
FEV	-1.636	9.491e-01	-2.241	0.304	0.887	9.935e-01
PRDM2	-1.611	9.464e-01	-2.903	0.378	0.888	9.937e-01
AGO2	-1.486	9.313e-01	-2.583	0.338	0.889	9.938e-01
DDX21	-2.087	9.816e-01	-2.108	0.344	0.889	9.938e-01
ELK4	-3.162	9.992e-01	-1.977	0.351	0.889	9.939e-01
KDM3A	-1.861	9.686e-01	-2.338	0.369	0.889	9.939e-01
EPC1	-2.373	9.912e-01	-1.923	0.303	0.890	9.940e-01
KLF13	-2.047	9.797e-01	-2.220	0.357	0.891	9.942e-01
MNT	-2.226	9.870e-01	-2.277	0.377	0.892	9.944e-01
MEN1	-2.101	9.822e-01	-2.113	0.340	0.892	9.944e-01
WDHD1	-1.903	9.715e-01	-2.273	0.359	0.892	9.944e-01
GMEB2	-2.336	9.902e-01	-1.977	0.316	0.893	9.944e-01
ZNF71	-1.794	9.636e-01	-3.087	0.386	0.895	9.949e-01
OVOL3	-1.903	9.715e-01	-2.355	0.365	0.897	9.950e-01
ZNF391	-1.739	9.590e-01	-3.108	0.381	0.899	9.954e-01
ZNF641	-1.872	9.694e-01	-2.452	0.364	0.901	9.956e-01
ZNF792	-1.674	9.529e-01	-3.124	0.375	0.901	9.956e-01
ZSCAN5A	-1.833	9.666e-01	-2.640	0.369	0.901	9.956e-01
CPSF3L	-2.483	9.935e-01	-2.330	0.379	0.902	9.957e-01
ZNF324	-1.932	9.733e-01	-3.330	0.387	0.904	9.960e-01
ZSCAN23	-1.777	9.622e-01	-2.914	0.375	0.905	9.962e-01
ZNF281	-1.528	9.368e-01	-2.856	0.330	0.905	9.962e-01
THAP11	-1.545	9.388e-01	-2.787	0.328	0.906	9.962e-01
KLF10	-2.191	9.858e-01	-2.258	0.348	0.906	9.962e-01
KDM5A	-3.396	9.997e-01	-1.967	0.287	0.906	9.963e-01
DCP1A	-2.212	9.865e-01	-2.230	0.337	0.908	9.965e-01
ZNF264	-2.208	9.864e-01	-2.708	0.382	0.908	9.965e-01
ZSCAN22	-2.225	9.870e-01	-2.550	0.376	0.910	9.967e-01
GLI4	-1.885	9.703e-01	-2.652	0.362	0.910	9.967e-01
KLF7	-1.864	9.688e-01	-3.038	0.368	0.916	9.973e-01
POU3F2	-2.343	9.904e-01	-2.181	0.296	0.918	9.975e-01
TAFII	-2.257	9.880e-01	-2.281	0.330	0.919	9.976e-01
EP400	-1.619	9.472e-01	-2.978	0.310	0.920	9.977e-01
ZNF687	-2.088	9.816e-01	-2.469	0.341	0.921	9.978e-01
XRN2	-4.184	1.000e+00	-2.562	0.383	0.923	9.979e-01
U2AF1	-3.079	9.990e-01	-2.249	0.334	0.924	9.980e-01
SRSF3	-2.326	9.900e-01	-2.446	0.301	0.939	9.990e-01
SAP30	-3.220	9.994e-01	-2.768	0.367	0.941	9.991e-01
