TF	statistic	pvalue	zscore	max_auc	re_rank	irwin_hall_pvalue
SMAD3	5.457	2.422e-8	2.845	0.724	0.012	8.216e-6
SOX2	5.396	3.401e-8	2.84	0.715	0.015	1.441e-5
SMAD2-SMAD3	3.803	7.15e-5	3.174	0.684	0.016	1.781e-5
TEAD4	4.612	1.998e-6	2.944	0.703	0.016	1.905e-5
OTX2	5.858	2.34e-9	2.82	0.665	0.018	2.773e-5
SMARCA4	4.074	2.312e-5	2.833	0.678	0.021	4.293e-5
GATA4	4.669	1.514e-6	2.963	0.654	0.021	4.293e-5
ASCL1	4.93	4.108e-7	2.559	0.755	0.022	4.745e-5
POU5F1	6.905	2.507e-12	2.624	0.652	0.024	6.573e-5
SMARCC1	4.663	1.56e-6	2.731	0.66	0.025	7.17e-5
SMAD1	2.74	0.003074	2.626	0.7	0.032	1.524e-4
EOMES	2.928	0.001708	2.818	0.633	0.036	2.154e-4
NEUROG2	5.607	1.03e-8	2.538	0.621	0.037	2.351e-4
SMAD2	2.854	0.002159	2.6	0.656	0.038	2.561e-4
RNF2	3.666	1.232e-4	2.332	0.673	0.043	3.703e-4
NANOG	4.601	2.102e-6	2.313	0.666	0.044	3.796e-4
SIX2	3.719	1.001e-4	2.981	0.59	0.051	5.86e-4
TFAP2A	3.645	1.336e-4	2.592	0.601	0.051	5.985e-4
MAML3	3.085	0.001017	2.902	0.592	0.054	6.915e-4
MYOG	1.942	0.02609	2.758	0.636	0.054	7.055e-4
TCF21	3.337	4.235e-4	2.139	0.683	0.055	7.487e-4
TEAD1	3.414	3.202e-4	2.419	0.609	0.056	8.09e-4
MYOD1	2.636	0.004201	2.671	0.596	0.058	8.887e-4
RAD21	8.651	2.546e-18	1.999	0.629	0.062	0.001064
YAP1	3.702	1.071e-4	2.265	0.613	0.062	0.001064
EP300	5.83	2.767e-9	1.84	0.719	0.063	0.001101
SMARCB1	2.545	0.005462	2.307	0.627	0.064	0.001159
NR2F1	2.348	0.009425	3.051	0.589	0.064	0.001179
EBF3	2.589	0.004819	3.087	0.581	0.066	0.001281
HAND2	1.655	0.049	2.951	0.614	0.067	0.001324
CTNNB1	1.688	0.04573	2.52	0.65	0.069	0.00148
SMAD4	2.503	0.006161	2.444	0.594	0.07	0.00155
SMC1A	6.568	2.558e-11	1.934	0.62	0.07	0.001574
FOXH1	2.157	0.01551	2.848	0.589	0.071	0.001598
SMC3	7.017	1.137e-12	1.967	0.609	0.072	0.001698
NR3C1	6.262	1.905e-10	1.869	0.63	0.073	0.001749
PAX3	1.634	0.0511	2.895	0.603	0.074	0.001854
NEUROD1	2.262	0.01186	2.652	0.586	0.075	0.001908
SOX10	1.638	0.05074	2.735	0.604	0.077	0.00202
NR2F2	2.987	0.001411	2.434	0.582	0.079	0.002226
TEAD1-TEAD4	1.675	0.04696	2.405	0.632	0.079	0.002226
SIX1	2.377	0.008724	3.326	0.573	0.08	0.002318
EZH2	8.423	1.833e-17	1.534	0.737	0.081	0.002381
PGR	1.656	0.04891	2.419	0.614	0.083	0.002543
CHD5	1.627	0.05188	2.619	0.6	0.084	0.002644
JUN	4.718	1.191e-6	1.787	0.627	0.085	0.002783
TP53	4.879	5.328e-7	1.879	0.602	0.086	0.002818
GATA6	2.109	0.01749	1.985	0.633	0.089	0.00315
SSU72	1.649	0.04957	2.37	0.61	0.089	0.00315
FOSL2	8.658	2.394e-18	1.755	0.601	0.09	0.003306
JMJD6	3.745	9.012e-5	1.733	0.634	0.09	0.003306
CTCF	23.114	1.6829999999999993e-118	1.802	0.596	0.091	0.003385
MKL2	2.844	0.002227	2.051	0.592	0.093	0.003674
SMARCA2	1.717	0.04303	2.357	0.595	0.095	0.00389
JARID2	5.42	2.984e-8	1.301	0.727	0.098	0.004253
WWTR1	2.24	0.01255	1.992	0.597	0.1	0.004491
TBX5	2.732	0.003144	2.662	0.559	0.101	0.004589
LMNA	1.407	0.07966	2.428	0.601	0.101	0.004688
NKX2-1	2.401	0.008166	2.673	0.561	0.101	0.004688
RING1	1.809	0.03521	2.354	0.585	0.102	0.004738
TP63	6.351	1.069e-10	1.979	0.576	0.103	0.00489
PCGF2	2.191	0.01421	2.108	0.588	0.104	0.005098
BMI1	2.265	0.01176	1.89	0.6	0.105	0.005204
TP73	2.04	0.02065	2.331	0.58	0.105	0.005204
GLIS1	2.163	0.01527	2.282	0.577	0.107	0.005588
ESCO2	1.556	0.0598	2.497	0.584	0.109	0.005758
POLR2AphosphoS5	2.553	0.005338	2.28	0.563	0.115	0.006914
ZNF534	1.545	0.06116	2.41	0.581	0.116	0.007044
REST	3.266	5.449e-4	1.998	0.571	0.119	0.00765
ZBTB42	1.468	0.07103	2.773	0.572	0.119	0.00765
TET2	2.75	0.002976	1.951	0.576	0.119	0.00765
MITF	2.399	0.00821	3.057	0.544	0.12	0.007789
FOSL1	2.886	0.00195	1.843	0.58	0.12	0.007859
ZNF467	1.553	0.06016	2.291	0.583	0.12	0.007859
OSR2	1.739	0.04103	2.568	0.563	0.121	0.008
PRDM14	1.494	0.06755	2.55	0.575	0.122	0.008144
SUZ12	3.913	4.557e-5	0.992	0.765	0.122	0.008216
CBX2	1.626	0.05198	1.937	0.599	0.123	0.008362
ZNF282	2.408	0.008024	1.229	0.676	0.124	0.008509
BCL11A	1.162	0.1226	2.032	0.655	0.125	0.008734
GTF2I	3.306	4.727e-4	1.835	0.573	0.128	0.009352
TFAP2C	1.815	0.03475	1.675	0.61	0.128	0.009352
SRF	2.415	0.007861	1.543	0.596	0.129	0.009672
ZBTB6	2.142	0.01611	2.344	0.556	0.13	0.009999
PPARG	3.622	1.46e-4	1.566	0.583	0.132	0.01033
TCF4	1.382	0.08355	1.702	0.667	0.132	0.01033
CHD8	1.154	0.1242	2.027	0.623	0.133	0.01059
ZFP57	1.855	0.03178	2.104	0.569	0.134	0.01094
PGBD3	1.58	0.05701	1.97	0.588	0.135	0.01102
PITX3	1.318	0.09372	2.99	0.558	0.137	0.01156
ZNF654	2.074	0.01905	1.928	0.573	0.139	0.01221
RXRA	2.35	0.009393	1.475	0.591	0.14	0.0124
FEZF1	1.79	0.03674	2.458	0.552	0.141	0.01259
KDM4A	2.255	0.01206	1.651	0.581	0.143	0.01308
CHD7	1.338	0.09038	1.572	0.653	0.146	0.01399
PRDM10	1.661	0.04839	2.617	0.547	0.146	0.01399
E2F7	2.069	0.01929	1.3	0.604	0.147	0.0142
CHRM2	1.483	0.06902	1.762	0.594	0.147	0.01441
ZNF341	2.239	0.01257	1.61	0.579	0.148	0.01473
SS18	1.367	0.08589	2.501	0.558	0.148	0.01473
CEBPB	5.042	2.298e-7	1.392	0.573	0.149	0.01483
SP140	1.81	0.03517	1.823	0.574	0.151	0.01538
ZNF468	1.625	0.05212	1.562	0.599	0.151	0.01538
FOXA2	2.628	0.004297	1.73	0.564	0.152	0.01571
PROX1	1.848	0.0323	1.745	0.577	0.152	0.01571
MYF5	1.302	0.09651	2.583	0.557	0.152	0.01571
KDM3B	1.786	0.03707	1.688	0.582	0.152	0.01582
RYBP	2.316	0.01027	1.067	0.608	0.152	0.01593
PHOX2B	1.274	0.1014	2.626	0.554	0.154	0.0165
ZNF100	1.869	0.03083	1.353	0.592	0.155	0.01685
CNOT3	1.952	0.02545	1.438	0.584	0.157	0.01744
ZBTB17	1.523	0.06382	2.39	0.552	0.157	0.01744
GRHL3	1.771	0.03826	1.766	0.573	0.159	0.01805
EGR3	1.405	0.08005	2.097	0.566	0.159	0.01817
IKZF2	1.727	0.04208	2.129	0.553	0.16	0.0183
KDM2B	4.407	5.245e-6	0.39	0.719	0.161	0.0188
TRIM28	1.344	0.08942	2.236	0.56	0.161	0.01892
ZNF600	1.658	0.04864	2.324	0.547	0.161	0.01892
KDM6B	1.811	0.0351	1.884	0.56	0.162	0.01918
TERC	2.159	0.01544	2.127	0.543	0.163	0.01956
ZNF366	1.405	0.08002	2.508	0.549	0.163	0.01956
SOX4	1.998	0.02284	2.093	0.547	0.165	0.02008
PRDM1	2.101	0.0178	2.197	0.54	0.165	0.02008
PDX1	1.523	0.06388	2.443	0.545	0.166	0.02048
TRAF7	2.684	0.003642	1.163	0.58	0.168	0.02115
ZNF263	2.003	0.0226	1.282	0.583	0.169	0.02156
SUMO1	4.025	2.854e-5	1.682	0.549	0.169	0.0217
GTF3C5	1.773	0.0381	1.346	0.584	0.169	0.0217
ZNF169	1.23	0.1094	2.517	0.551	0.17	0.02212
ZNF335	1.912	0.02791	1.683	0.562	0.173	0.02312
HIRA	1.498	0.0671	1.827	0.565	0.174	0.02355
ZNF519	1.583	0.05672	1.329	0.589	0.174	0.0237
ZNF554	1.114	0.1327	3.025	0.542	0.175	0.024
ZNF257	1.282	0.0999	2.209	0.555	0.175	0.024
HOXC9	1.478	0.06965	2.409	0.542	0.175	0.024
SP7	1.574	0.05778	2.278	0.543	0.175	0.024140000000000002
POLR3D	1.533	0.06264	1.583	0.575	0.179	0.02582
ZBTB48	2.413	0.007908	1.391	0.559	0.18	0.02613
PRKDC	1.43	0.07632	1.823	0.563	0.181	0.0266
ZNF382	1.613	0.05337	2.431	0.531	0.183	0.02757
ZNF273	1.519	0.06432	1.408	0.578	0.187	0.02922
ZNF425	1.101	0.1354	2.614	0.542	0.187	0.02939
ATF3	1.313	0.09456	1.217	0.597	0.187	0.02956
ZNF770	1.133	0.1287	2.482	0.544	0.187	0.02956
ZNF28	1.227	0.1098	2.14	0.551	0.191	0.03112
MAX	2.098	0.01796	0.273	0.672	0.192	0.03183
PAX6	1.239	0.1077	2.969	0.525	0.193	0.03255
MBD3	1.679	0.04662	1.2	0.575	0.194	0.03292
CBFA2T2	1.073	0.1416	2.558	0.539	0.196	0.03384
ZNF2	1.617	0.05289	1.755	0.551	0.197	0.03421
ERCC6	1.199	0.1152	2.052	0.55	0.199	0.03535
TRIM25	1.434	0.07581	1.004	0.59	0.203	0.0375
MAZ	2.449	0.007155	0.613	0.58	0.203	0.0377
ZNF783	1.652	0.04926	0.503	0.613	0.204	0.0381
HES2	4.534	2.898e-6	1.247	0.541	0.205	0.03892
ZNF182	1.048	0.1473	2.406	0.537	0.207	0.04016
ZNF362	1.252	0.1053	2.348	0.53	0.207	0.04016
BRD7	1.29	0.09846	1.675	0.555	0.21	0.04185
ZNF800	1.155	0.1241	2.596	0.524	0.211	0.04228
H2AZ	5.198	1.008e-7	-0.108	0.599	0.212	0.04315
ZNF479	1.032	0.151	2.32	0.536	0.214	0.04381
DPPA2	1.026	0.1524	2.316	0.536	0.215	0.04448
GATA1	2.386	0.008521	1.527	0.532	0.215	0.0447
ZNF35	1.069	0.1425	2.203	0.539	0.215	0.0447
PCGF1	1.744	0.04056	0.258	0.613	0.216	0.04538
PBX3	0.856	0.1959	1.301	0.594	0.217	0.04583
ZNF320	1.328	0.09215	2.275	0.524	0.217	0.04606
PRMT5	1.313	0.09459	1.454	0.558	0.218	0.04652
ZNF92	1.077	0.1407	2.097	0.54	0.218	0.04675
WT1	1.369	0.08555	1.93	0.533	0.22	0.04792
ZNF674	1.297	0.09733	1.438	0.556	0.221	0.04886
ZNF563	0.987	0.1619	2.327	0.534	0.222	0.0491
TAZ	1.18	0.119	1.804	0.547	0.222	0.04934
FOS	1.526	0.06346	1.271	0.554	0.223	0.04982
LMNB1	1.018	0.1543	2.18	0.536	0.225	0.05153
ZNF281	1.317	0.09386	1.314	0.558	0.225	0.05153
CTCFL	2.119	0.01704	1.113	0.546	0.226	0.05202
ZBTB2	1.242	0.1072	1.585	0.551	0.227	0.05277
KLF11	1.82	0.03438	0.93	0.555	0.229	0.05429
KLF4	0.994	0.1601	1.144	0.581	0.231	0.05557
KDM5B	1.953	0.0254	0.84	0.554	0.233	0.05714
STAG1	1.35	0.08852	0.153	0.631	0.235	0.05874
USF1	1.433	0.07597	1.632	0.535	0.235	0.05874
NCAPH2	2.047	0.02034	0.433	0.572	0.236	0.05901
DMC1	0.937	0.1744	2.235	0.531	0.236	0.05901
ZSCAN20	1.214	0.1124	1.977	0.527	0.237	0.05982
ZNF202	0.923	0.178	1.342	0.57	0.237	0.0601
ZNF141	0.987	0.1618	2.047	0.534	0.238	0.06065
ZNF793	1.078	0.1405	2.182	0.522	0.239	0.06147
HCFC1R1	1.056	0.1456	1.859	0.538	0.239	0.06175
EPAS1	1.13	0.1292	1.612	0.543	0.242	0.06344
GLIS2	1.741	0.04088	0.787	0.555	0.243	0.06429
ZBTB14	1.544	0.06126	0.407	0.581	0.243	0.06486
ZNF585A	0.883	0.1886	2.276	0.527	0.244	0.06515
HOTAIR	1.339	0.09031	2.008	0.515	0.244	0.06544
SP4	1.801	0.03583	1.032	0.543	0.244	0.06573
EGR2	1.319	0.09361	0.852	0.564	0.245	0.06631
ZNF429	0.768	0.2213	2.684	0.518	0.246	0.0669
PRDM6	1.126	0.1302	1.579	0.543	0.246	0.0669
SNAI2	2.198	0.01396	1.298	0.522	0.247	0.06808
ZNF506	0.874	0.1911	2.21	0.527	0.248	0.06837
NFIC	0.853	0.197	1.268	0.571	0.248	0.06867
ZBTB8A	1.674	0.04702	0.896	0.549	0.249	0.06987
KLF15	2.092	0.01822	0.212	0.568	0.251	0.07109
BANF1	1.288	0.09879	1.421	0.538	0.253	0.07263
ZNF778	0.905	0.1826	2.193	0.521	0.254	0.07387
ZFP64	0.731	0.2322	1.478	0.563	0.255	0.0745
GFI1B	0.936	0.1745	2.212	0.518	0.255	0.0745
KLF16	1.188	0.1174	1.711	0.529	0.255	0.0745
SCRT2	1.025	0.1527	2.159	0.515	0.256	0.07513
BACH1	0.916	0.1798	1.165	0.563	0.257	0.07609
ZNF394	1.257	0.1044	1.436	0.535	0.257	0.07641
ZNF512	1.182	0.1186	1.693	0.529	0.258	0.07705
ZNF680	0.766	0.2218	1.987	0.536	0.258	0.07705
NFIA	1.069	0.1426	1.978	0.519	0.259	0.07802
SMARCE1	0.871	0.1918	1.95	0.53	0.261	0.07999
ZNF93	0.84	0.2006	2.081	0.524	0.262	0.08132
PATZ1	1.796	0.03622	0.556	0.55	0.263	0.08199
ZNF692	1.347	0.08906	1.265	0.534	0.263	0.08233
MCM2	0.837	0.2014	2.083	0.524	0.263	0.08233
PHIP	2.475	0.006671	-0.148	0.566	0.265	0.08368
FANCD2	0.801	0.2116	2.134	0.521	0.265	0.08368
NME2	1.025	0.1527	1.98	0.517	0.265	0.08368
JUND	0.771	0.2204	0.864	0.582	0.266	0.08436
CDCA2	0.9	0.1839	1.848	0.528	0.267	0.0854
INTS11	2.055	0.01995	0.618	0.54	0.268	0.08644
CBX8	0.791	0.2146	0.624	0.59	0.269	0.08748
CDK2	0.94	0.1736	2.048	0.515	0.269	0.08748
ZNF485	0.781	0.2173	2.148	0.519	0.269	0.08748
MYNN	0.896	0.1851	1.694	0.533	0.273	0.0914
RBL1	0.947	0.1717	1.644	0.531	0.273	0.0914
ZFP2	1.18	0.1191	1.033	0.546	0.273	0.09176
ZNF823	0.757	0.2244	2.162	0.518	0.275	0.09322
ATF4	0.846	0.1988	1.588	0.538	0.275	0.09359
EMX1	1.44	0.07492	0.484	0.554	0.275	0.09395
ZMYND8	1.56	0.05936	0.607	0.546	0.277	0.09581
TRIM24	1.1	0.1358	1.604	0.52	0.28	0.0992
ZBTB26	1.446	0.07411	0.75	0.542	0.281	0.09996
IRF5	0.757	0.2245	2.062	0.518	0.281	0.1003
TEAD2	0.939	0.1739	1.911	0.512	0.283	0.1015
ZNF22	0.753	0.2258	2.062	0.517	0.283	0.1023
ZNF786	1.078	0.1405	1.035	0.54	0.285	0.1046
ZNF134	0.68	0.2484	2.245	0.512	0.286	0.1054
KMT2B	0.931	0.176	1.432	0.53	0.289	0.1082
TAL1	0.745	0.2281	1.176	0.552	0.29	0.1095
BHLHE40	0.852	0.197	0.698	0.564	0.29	0.1099
ZNF549	0.615	0.2692	2.355	0.507	0.29	0.1099
MAFK	0.446	0.3277	1.168	0.565	0.292	0.1123
TCF7L1	0.287	0.3872	0.5	0.633	0.293	0.1132
HEXIM1	1.204	0.1144	0.449	0.553	0.293	0.1132
HIC1	1.108	0.1339	1.248	0.525	0.293	0.1132
FOXP2	1.098	0.1362	1.347	0.521	0.294	0.114
ZKSCAN5	0.957	0.1694	1.241	0.532	0.296	0.1165
ZNF780A	0.621	0.2673	2.211	0.508	0.297	0.1174
ATF7IP	0.543	0.2935	2.532	0.502	0.298	0.1187
TOP1	0.902	0.1835	0.822	0.552	0.298	0.1191
ZNF573	0.628	0.2649	2.116	0.508	0.301	0.123
ZNF671	0.661	0.2542	2.034	0.51	0.302	0.1243
FGFR1	1.192	0.1166	-0.16	0.577	0.303	0.1257
ZNF44	0.788	0.2153	1.607	0.52	0.304	0.1266
ZIM3	0.806	0.2101	1.816	0.508	0.306	0.1288
RUNX2	0.529	0.2985	1.517	0.539	0.306	0.1288
INTS3	0.699	0.2423	1.837	0.513	0.308	0.132
LIN9	0.798	0.2125	1.478	0.521	0.31	0.1339
PTRF	0.725	0.2343	1.911	0.506	0.312	0.1367
NR2F6	0.99	0.1611	1.55	0.506	0.314	0.1396
ZNF740	1.025	0.1526	1.008	0.525	0.315	0.141
HIF1A	0.543	0.2935	1.807	0.518	0.316	0.1415
MAFG	0.783	0.2168	1.828	0.503	0.316	0.1425
TET3	1.075	0.1413	0.287	0.551	0.317	0.1434
ZNF423	1.186	0.1177	0.772	0.526	0.318	0.1444
LHX2	0.223	0.4118	0.977	0.57	0.318	0.1449
E2F6	1.059	0.1449	-0.35	0.58	0.318	0.1454
NR0B1	1.136	0.1281	0.36	0.544	0.319	0.1459
ZNF695	0.87	0.1923	1.138	0.526	0.319	0.1464
TCF7L2	0.433	0.3326	0.87	0.56	0.32	0.1479
ZFP37	1.165	0.122	0.768	0.525	0.321	0.1489
HNF4A	1.233	0.1087	1.028	0.51	0.322	0.1499
ZNF441	1.001	0.1583	0.65	0.535	0.324	0.1529
ZNF766	0.763	0.2227	1.77	0.503	0.325	0.1544
SP1	0.95	0.171	-0.483	0.584	0.325	0.1549
DUX4	0.73	0.2327	1.758	0.504	0.327	0.158
ZNF317	0.487	0.313	1.752	0.515	0.328	0.1586
ZBTB7A	1.279	0.1004	-0.567	0.572	0.329	0.1596
DNMT3A	0.548	0.2919	0.557	0.56	0.329	0.1596
ZNF558	0.787	0.2155	1.557	0.507	0.329	0.1596
ZNF75D	0.565	0.286	1.916	0.503	0.329	0.1601
CHD4	1.364	0.08628	0.396	0.526	0.329	0.1607
EHMT2	0.754	0.2255	1.811	0.499	0.33	0.1612
ZEB2	0.893	0.1861	0.795	0.532	0.33	0.1622
SIRT1	0.314	0.3766	1.326	0.54	0.33	0.1622
MBD1	1.186	0.1178	0.582	0.523	0.332	0.1649
UHRF2	1.025	0.1527	0.438	0.536	0.334	0.1671
ZNF436	0.684	0.2471	1.509	0.512	0.334	0.1671
ZNF17	0.48	0.3157	2.071	0.497	0.334	0.1681
TFAP4	0.963	0.1679	1.249	0.505	0.335	0.1692
PTTG1	0.721	0.2354	1.745	0.501	0.337	0.172
DROSHA	1.032	0.1509	0.112	0.546	0.337	0.1725
ZNF682	0.905	0.1826	1.045	0.514	0.339	0.1753
NFE2L2	0.6	0.2743	0.557	0.551	0.34	0.177
ARID1A	-0.075	0.5299	0.837	0.581	0.34	0.1775
GATA2	-0.433	0.6673	1.033	0.592	0.342	0.1803
TSHZ1	0.754	0.2254	1.45	0.505	0.342	0.1803
ZNF121	0.84	0.2005	1.183	0.51	0.343	0.1809
HDAC2	0.674	0.2501	-0.569	0.6	0.344	0.1826
KLF9	0.804	0.2106	-0.682	0.593	0.344	0.1826
MAFF	0.63	0.2643	1.813	0.495	0.344	0.1832
ZNF664	0.726	0.2339	1.607	0.5	0.345	0.1843
ILK	0.607	0.2719	1.806	0.497	0.345	0.1849
ZNF610	0.796	0.213	-0.405	0.578	0.345	0.1855
SF1	0.419	0.3375	2.023	0.492	0.348	0.1896
FLI1	0.614	0.2697	0.384	0.553	0.349	0.1907
TCF7	0.472	0.3185	1.359	0.516	0.351	0.1943
ARID3A	0.777	0.2185	1.149	0.507	0.354	0.199
CREBBP	0.035	0.4862	0.36	0.585	0.354	0.1997
HSF1	0.895	0.1853	-0.043	0.55	0.355	0.2015
DAXX	0.769	0.2209	1.218	0.504	0.356	0.2021
EZH1	0.479	0.3158	-0.948	0.717	0.356	0.2027
FOXO1	-0.16	0.5634	0.411	0.597	0.356	0.2033
HLF	0.643	0.2601	1.607	0.496	0.356	0.2033
PR	-0.769	0.7792	0.879	0.624	0.358	0.207
ZNF490	0.411	0.3405	1.902	0.492	0.358	0.207
CHAT	0.533	0.2969	1.758	0.492	0.359	0.2082
ZNF605	0.454	0.3249	1.79	0.495	0.359	0.2088
LEF1	0.122	0.4514	-0.341	0.632	0.36	0.2094
SATB1	0.396	0.3459	1.898	0.491	0.361	0.2107
RCOR1	0.135	0.4465	0.516	0.56	0.362	0.2131
KLF17	1.021	0.1536	0.479	0.516	0.362	0.2138
NFE2L1	0.585	0.2791	1.326	0.505	0.362	0.2138
CBX4	0.911	0.1811	0.263	0.529	0.365	0.2188
POLR2M	0.69	0.2451	-0.04	0.553	0.366	0.2207
ZNF343	0.976	0.1645	-0.008	0.533	0.368	0.2245
PRMT1	0.703	0.2411	1.023	0.507	0.369	0.2252
CBX6	0.636	0.2624	0.424	0.535	0.37	0.2271
ZNF440	0.348	0.3641	1.896	0.487	0.37	0.2277
SCRT1	0.564	0.2862	1.399	0.498	0.371	0.229
ZFP69B	0.907	0.1822	0.445	0.517	0.371	0.2297
BCOR	0.226	0.4105	-0.819	0.67	0.372	0.2303
L3MBTL2	0.734	0.2316	1.049	0.502	0.373	0.2323
ZNF501	0.975	0.1647	0.198	0.522	0.373	0.2336
FAIRE	-0.162	0.5643	0.162	0.593	0.374	0.2342
ZNF611	0.676	0.2495	0.893	0.511	0.374	0.2349
CEBPD	0.618	0.2681	0.824	0.516	0.375	0.2369
SRCAP	0.386	0.3498	1.752	0.49	0.375	0.2369
SON	0.658	0.2552	0.887	0.51	0.378	0.2422
ICE1	0.83	0.2031	0.719	0.506	0.379	0.2428
ZNF618	0.613	0.27	0.943	0.507	0.381	0.2482
ZXDB	0.974	0.165	0.274	0.513	0.383	0.2515
ZNF750	0.453	0.3252	1.37	0.495	0.385	0.2543
ZNF675	0.299	0.3825	1.821	0.483	0.385	0.2543
CTBP2	-0.004	0.5017	-0.224	0.593	0.385	0.2543
WDR5	0.846	0.1989	-0.55	0.552	0.385	0.2549
DEK	0.518	0.3023	0.346	0.534	0.386	0.257
TTF1	0.561	0.2873	1.306	0.491	0.387	0.2584
DRAP1	0.711	0.2386	0.543	0.514	0.388	0.2604
NFIL3	0.519	0.3019	1.081	0.499	0.391	0.2666
STAT3	-0.121	0.5483	-0.136	0.591	0.392	0.268
ZNF346	0.896	0.1851	0.286	0.51	0.392	0.268
MBD2	-0.105	0.5418	-0.587	0.641	0.394	0.2729
RBBP5	0.368	0.3563	-1.056	0.597	0.397	0.2771
MYBL2	0.542	0.2938	0.943	0.502	0.397	0.2771
ZNF101	0.367	0.3569	1.364	0.49	0.398	0.2806
ZSCAN16	0.285	0.3878	0.768	0.519	0.399	0.2814
LDB1	0.373	0.3547	1.359	0.489	0.399	0.2814
LARP7	-0.412	0.6599	0.557	0.564	0.399	0.2821
ICE2	0.574	0.2831	0.818	0.504	0.399	0.2821
MEF2A	0.042	0.4834	-0.008	0.561	0.403	0.2892
SOX11	0.144	0.4427	1.491	0.492	0.405	0.295
ZNF133	0.254	0.3999	1.61	0.48	0.406	0.2964
SOX13	0.512	0.3042	0.811	0.502	0.407	0.2971
DDX5	0.056	0.4777	0.677	0.529	0.41	0.3037
RB1	0.468	0.3197	-0.388	0.548	0.411	0.3066
KDM1A	-0.178	0.5705	0.409	0.552	0.412	0.3073
MECP2	0.726	0.2339	-0.267	0.531	0.412	0.3088
TTF2	0.456	0.3244	0.331	0.519	0.413	0.3095
TCF12	-0.33	0.6293	-0.014	0.58	0.413	0.3103
ZNF768	0.332	0.3698	1.271	0.486	0.413	0.311
PARP1	0.196	0.4224	1.706	0.476	0.413	0.311
ZNF331	0.189	0.4249	1.744	0.475	0.414	0.3125
GATA3	-1.302	0.9036	1.012	0.583	0.415	0.3147
MEF2B	-0.871	0.8081	0.194	0.607	0.415	0.3147
KDM5C	0.647	0.2588	-0.537	0.541	0.417	0.3184
PKNOX1	0.398	0.3452	1.183	0.483	0.417	0.3191
KLF8	0.782	0.2172	-0.043	0.514	0.418	0.3199
DPF2	0.172	0.4319	1.12	0.497	0.418	0.3206
RFX1	0.283	0.3887	0.977	0.498	0.419	0.3221
ZNF445	0.285	0.3877	1.307	0.482	0.419	0.3228
ARID2	0.691	0.2449	-0.544	0.537	0.42	0.3251
SIRT6	0.362	0.3586	1.076	0.488	0.421	0.3273
ARNT	0.235	0.407	0.923	0.5	0.422	0.3281
EED	-0.834	0.798	-0.168	0.659	0.423	0.3303
ZNF189	0.665	0.2531	0.086	0.51	0.423	0.3318
DDX20	0.368	0.3564	0.72	0.501	0.424	0.3333
ZNF414	0.727	0.2335	-0.011	0.512	0.424	0.3333
ZNF384	0.034	0.4863	0.48	0.527	0.425	0.3356
CEBPG	0.289	0.3862	1.143	0.485	0.426	0.3371
NR5A2	-0.064	0.5254	1.047	0.509	0.427	0.3386
MBD4	0.451	0.3262	0.753	0.494	0.427	0.3401
HOXA9	0.156	0.438	0.833	0.503	0.43	0.3462
PHF6	0.775	0.2192	-0.426	0.519	0.431	0.3477
ZNF547	0.059	0.4765	-0.025	0.541	0.433	0.3523
MXI1	0.402	0.3437	-0.982	0.554	0.44	0.3677
BRD4	-0.324	0.6271	-1.035	0.615	0.442	0.3716
DACOR1	0.121	0.452	1.517	0.471	0.443	0.3739
ZNF24	0.425	0.3355	0.233	0.503	0.446	0.3802
MYH11	0.187	0.4258	-1.024	0.563	0.446	0.3802
FOXO3	0.145	0.4422	0.479	0.505	0.448	0.3833
ZNF788	0.131	0.448	1.198	0.476	0.449	0.3864
RFX5	0.076	0.4697	-0.625	0.553	0.449	0.3872
HMBOX1	0.247	0.4026	0.932	0.48	0.451	0.3903
APOBEC3B	0.316	0.3759	0.708	0.485	0.453	0.3958
E2F5	0.497	0.3095	0.315	0.491	0.453	0.3958
ZNF140	-0.33	0.6293	1.206	0.499	0.454	0.3974
EGR1	0.084	0.4664	-1.102	0.568	0.454	0.3982
ZNF483	0.587	0.2786	-0.165	0.505	0.455	0.4006
NIPBL	-0.375	0.6461	-0.895	0.592	0.456	0.4014
ZNF697	0.043	0.483	1.419	0.471	0.456	0.4022
STAT1	0.066	0.4738	-0.443	0.54	0.457	0.4029
MYCN	0.461	0.3223	-0.665	0.53	0.457	0.4037
ZNF84	0.151	0.4401	1.129	0.473	0.458	0.4069
PMEL	0.137	0.4454	-0.316	0.531	0.459	0.4093
CBX3	-0.704	0.7592	0.98	0.519	0.463	0.4172
NFATC3	0.317	0.3756	0.485	0.485	0.464	0.4196
PYGO2	0.131	0.448	1.006	0.473	0.468	0.4284
GLYR1	0.51	0.305	-0.134	0.499	0.469	0.4316
LMTK3	-0.102	0.5405	0.992	0.484	0.473	0.4396
ZNF284	0.049	0.4803	1.245	0.467	0.475	0.4436
ZNF808	-0.053	0.5212	1.568	0.461	0.475	0.4436
ASXL1	0.572	0.2836	-0.486	0.504	0.476	0.4452
NCAPG2	0.081	0.4677	1.089	0.469	0.477	0.4484
ZNF26	0.017	0.4932	1.326	0.465	0.478	0.4516
MORC2	-0.149	0.5593	-0.577	0.546	0.479	0.4524
PBX2	-0.048	0.519	0.395	0.501	0.48	0.4549
ADNP	0.314	0.3767	0.377	0.48	0.48	0.4549
ERCC2	0.049	0.4805	1.141	0.467	0.482	0.4605
IRF9	0.067	0.4732	0.978	0.47	0.483	0.4613
MEF2D	0.166	0.4342	0.793	0.471	0.483	0.4621
ZNF304	0.023	0.4909	1.224	0.465	0.483	0.4629
INO80	-0.406	0.6577	-1.019	0.575	0.483	0.4629
FXR2	0.168	0.4333	0.631	0.473	0.483	0.4629
EWSR1	-0.365	0.6423	0.291	0.518	0.484	0.4637
ESR1	-2.992	0.9986	0.802	0.587	0.484	0.4645
TBL1X	0.432	0.3328	-0.21	0.493	0.487	0.4702
SMARCC2	0.411	0.3404	0.028	0.483	0.487	0.4718
AHR	-0.142	0.5564	1.062	0.474	0.488	0.4734
ERCC3	0.113	0.4551	0.806	0.471	0.489	0.4742
UBTF	0.451	0.3259	-0.757	0.508	0.494	0.4871
CHD1	-0.194	0.5769	-1.237	0.562	0.495	0.4896
EP400	0.339	0.3674	-0.059	0.486	0.496	0.4904
JUNB	-0.809	0.7907	-0.493	0.561	0.497	0.4936
XCL1	0.343	0.3659	-0.112	0.487	0.498	0.4944
INSM2	0.362	0.3585	-0.011	0.481	0.498	0.496
GATAD2B	-0.544	0.7069	-0.521	0.55	0.499	0.4968
ZNF528	0.261	0.3969	0.076	0.48	0.499	0.4968
ZNF589	0.229	0.4093	0.118	0.48	0.5	0.5001
SP3	0.579	0.2812	-0.722	0.497	0.501	0.5017
KLF1	0.086	0.4657	-0.756	0.521	0.502	0.5041
AFF1	-0.152	0.5604	-0.593	0.531	0.503	0.5074
MAPK1	0.224	0.4115	-1.021	0.523	0.503	0.5074
NUP98-HOXA9	0.062	0.4755	0.756	0.467	0.504	0.5082
CCNT2	0.366	0.3571	-0.285	0.488	0.504	0.5098
MED1	-1.318	0.9062	-1.052	0.668	0.505	0.5114
CUX1	-0.335	0.631	0.412	0.497	0.506	0.5138
ZMIZ1	0.271	0.393	0.028	0.478	0.506	0.5138
C11orf30	-0.013	0.505	0.458	0.477	0.507	0.5162
ZNF318	-0.018	0.5074	0.262	0.486	0.508	0.5171
NR1H3	0.075	0.4702	0.274	0.477	0.509	0.5203
USF2	-0.188	0.5745	-0.88	0.54	0.509	0.5211
REPIN1	-0.408	0.6582	0.114	0.51	0.509	0.5211
SIN3A	-0.355	0.6385	-1.418	0.567	0.51	0.5219
CHAMP1	0.149	0.4409	0.154	0.476	0.512	0.5267
ZEB1	0.185	0.4267	-0.801	0.511	0.512	0.5276
RARA	-1.182	0.8814	-0.859	0.59	0.513	0.5292
ZNF18	-0.219	0.5868	-0.62	0.53	0.513	0.53
ZNF324	0.392	0.3474	-0.293	0.48	0.516	0.5356
BRD9	0.165	0.4343	-0.017	0.479	0.517	0.5389
UBE2I	0.131	0.4477	0.227	0.472	0.519	0.5421
EGLN2	0.165	0.4347	0.036	0.473	0.522	0.5485
LANA	0.282	0.3891	-0.649	0.496	0.522	0.5493
ZMYM3	-0.316	0.6241	0.197	0.494	0.522	0.5501
ZNF438	0.083	0.4668	0.296	0.468	0.526	0.5582
TAF1	-0.573	0.7168	-1.475	0.568	0.528	0.563
ID3	0.166	0.4342	-0.005	0.471	0.528	0.563
SMN1	-0.224	0.5887	1.169	0.449	0.529	0.5646
GTF3C2	0.24	0.4051	-0.446	0.482	0.529	0.5654
ZNF765	-0.213	0.5844	1.091	0.45	0.53	0.567
SSRP1	-0.797	0.7873	0.543	0.498	0.531	0.5686
STAT4	-0.691	0.7553	0.008	0.513	0.531	0.5686
AGO1	-0.014	0.5058	0.492	0.465	0.531	0.5694
HMGN3	0.331	0.3701	-0.64	0.486	0.532	0.5718
NR4A1	-0.293	0.6154	0.108	0.489	0.533	0.5734
GATAD1	0.083	0.4669	-0.52	0.492	0.533	0.5734
ZNF488	-0.299	0.6177	0.911	0.461	0.534	0.5758
PSIP1	-0.097	0.5387	-0.29	0.495	0.535	0.5789
ING5	-0.042	0.5166	0.552	0.462	0.535	0.5789
TBP	-0.415	0.6608	-1.545	0.556	0.538	0.5845
POU3F2	0.011	0.4956	0.094	0.471	0.539	0.5869
EBF1	-1.383	0.9166	-0.828	0.58	0.539	0.5877
NR1H2	-0.063	0.5253	0.07	0.474	0.541	0.5925
ZNF781	-0.322	0.6263	1.026	0.45	0.542	0.5932
HHEX	-0.124	0.5494	0.624	0.459	0.542	0.5932
CHD2	-0.277	0.6092	-1.556	0.547	0.543	0.5956
SP2	-0.138	0.5548	-1.156	0.524	0.544	0.5972
ATF2	-1.157	0.8764	-1.21	0.577	0.546	0.6019
MIER1	0.018	0.4928	0.053	0.469	0.547	0.6059
ZNF644	0.025	0.4901	-0.149	0.474	0.548	0.6067
ETV4	-0.087	0.5346	-0.212	0.482	0.549	0.609
ZNF623	0.019	0.4924	0.046	0.468	0.549	0.6098
ZNF518A	0.147	0.4416	-0.489	0.476	0.55	0.6122
ZNF175	-0.673	0.7494	0.456	0.481	0.551	0.6137
ZNF350	-0.022	0.5088	0.218	0.463	0.553	0.6184
ZNF584	-0.021	0.5082	-0.08	0.471	0.554	0.6208
CDX2	-0.529	0.7016	0.593	0.471	0.555	0.6215
NFE2	-0.558	0.7117	-0.378	0.506	0.555	0.6231
PRDM11	-0.07	0.5278	-1.026	0.506	0.558	0.6285
H2AFX	-0.561	0.7126	0.878	0.461	0.559	0.6301
ZNF197	0.11	0.4563	-0.283	0.469	0.559	0.6316
KDM1B	-0.346	0.6354	0.904	0.441	0.56	0.6324
IKZF1	-1.316	0.906	-0.15	0.532	0.56	0.634
INTS12	0.238	0.4059	-0.837	0.479	0.56	0.634
ZFX	-0.216	0.5853	-0.828	0.505	0.561	0.6347
DNMT1	-0.21	0.5831	-0.105	0.476	0.561	0.6355
GTF2F1	-0.196	0.5778	-1.116	0.514	0.562	0.6363
H3F3B	-0.321	0.6261	0.76	0.443	0.565	0.644
TSC22D4	-1.411	0.9208	0.207	0.517	0.567	0.6471
ZC3H8	-0.009	0.5037	-0.302	0.471	0.567	0.6486
ZNF274	-0.74	0.7703	0.94	0.458	0.568	0.6509
ZNF280D	0.04	0.4839	-0.269	0.467	0.569	0.6516
AR	-13.242	1	0.091	0.557	0.57	0.6555
HES1	-0.43	0.6663	-0.011	0.477	0.57	0.6555
SMARCA5	-0.491	0.6885	0.011	0.477	0.571	0.6562
CREB3	-0.127	0.5505	0.07	0.462	0.572	0.6592
GRIP1	-0.379	0.6476	0.301	0.466	0.572	0.6592
SUMO2	-2.696	0.9965	-0.142	0.557	0.573	0.6615
ELF3	-0.06	0.524	-0.064	0.462	0.574	0.663
TAF7	-1.025	0.8474	-1.255	0.548	0.577	0.6683
ZKSCAN8	-0.058	0.5232	-0.131	0.462	0.577	0.6698
IRAK1	0.235	0.4071	-1.142	0.479	0.578	0.6706
ZFP28	-0.576	0.7177	0.77	0.448	0.581	0.678
MTA2	-0.666	0.7472	-0.387	0.493	0.583	0.6818
SCML2	0.02	0.4922	-0.527	0.468	0.583	0.6818
FOXA1	-8.279	1	0.261	0.543	0.585	0.6847
ZNF574	0.11	0.4563	-0.774	0.47	0.585	0.6855
ZNF391	-0.141	0.556	-0.971	0.489	0.586	0.6884
BRD2	-1.125	0.8696	-1.649	0.564	0.587	0.6891
KDM4C	0.193	0.4236	-1.187	0.475	0.587	0.6906
ZSCAN29	-0.12	0.5478	-0.504	0.47	0.588	0.6921
ZNF707	-0.813	0.7919	0.617	0.462	0.59	0.695
ZNF16	-0.49	0.6878	0.391	0.454	0.59	0.6957
MKL1	0.046	0.4817	-0.615	0.467	0.591	0.6972
HEY1	-0.021	0.5085	-1.084	0.483	0.591	0.6987
ZNF585B	-0.551	0.7093	0.599	0.443	0.592	0.7001
HINFP	-0.27	0.6064	-0.544	0.475	0.592	0.7008
KRAB	-0.237	0.5938	-0.173	0.466	0.593	0.7023
KMT2A	-0.677	0.7508	-1.773	0.544	0.594	0.7037
ZNF580	0.017	0.4934	-0.629	0.467	0.595	0.7052
ZSCAN23	-0.066	0.5263	-0.439	0.463	0.595	0.7059
MAF	-1.059	0.8551	-1.195	0.535	0.596	0.7073
SRC	-0.414	0.6604	-0.297	0.472	0.596	0.7088
ZKSCAN1	-0.736	0.7691	-0.365	0.487	0.597	0.7102
ORC2	-0.124	0.5494	-0.22	0.456	0.597	0.7109
ZNF264	-0.573	0.7168	-0.518	0.485	0.598	0.7117
ZNF586	-0.646	0.7409	0.946	0.42	0.599	0.7131
NOTCH1	-1.858	0.9684	-1.885	0.661	0.599	0.7138
POU2F1	-0.583	0.7201	0.837	0.425	0.6	0.7166
ING2	0.052	0.4793	-0.83	0.467	0.601	0.7188
ZNF71	-0.179	0.5709	-1.218	0.49	0.602	0.7195
HNF4G	-1.252	0.8947	-0.057	0.496	0.604	0.723
ZNF217	-0.457	0.676	0.474	0.434	0.604	0.723
SFPQ	-0.631	0.7358	0.825	0.421	0.605	0.7265
TGIF2	-0.062	0.5246	-0.969	0.472	0.606	0.7279
FOXM1	-1.917	0.9724	-1.087	0.561	0.606	0.7286
CEBPA	-1.864	0.9688	-0.882	0.552	0.607	0.73
GTF2A2	-0.367	0.6431	0.157	0.44	0.608	0.7307
MYC	-3.439	0.9997	-1.554	0.606	0.609	0.7342
ZNF701	-0.295	0.6158	-0.042	0.445	0.61	0.7363
ZNF649	-0.704	0.7594	0.9	0.415	0.61	0.7363
ZNF287	-0.654	0.7436	0.737	0.419	0.614	0.7438
ZNF641	-0.293	0.6151	-0.359	0.457	0.615	0.7452
ZNF792	-0.088	0.5351	-0.725	0.464	0.615	0.7452
KLF5	-0.619	0.732	-0.56	0.477	0.616	0.7465
BRD3	-1.211	0.8871	-1.84	0.556	0.618	0.7513
ZNF292	-0.586	0.7211	0.553	0.425	0.619	0.7519
CBFB	-0.9	0.8159	-1.993	0.553	0.62	0.754
GREB1	-1.238	0.8921	0.361	0.47	0.62	0.7553
KLF12	0.038	0.485	-1.139	0.466	0.622	0.7573
ZTA	-0.853	0.8031	0.65	0.432	0.622	0.7586
ZNF486	-0.958	0.831	0.909	0.421	0.623	0.76
NOTCH3	-0.747	0.7725	0.716	0.411	0.627	0.7678
CBX1	-0.278	0.6093	-1.052	0.473	0.628	0.7685
HNF1A	-0.726	0.7662	0.13	0.446	0.629	0.7704
SETD1A	-0.025	0.5101	-1.57	0.478	0.629	0.7711
GPS2	-0.058	0.5231	-0.986	0.46	0.629	0.7717
GRHL2	-1.767	0.9614	0.407	0.481	0.63	0.773
POLR2A	-18.551	1	-1.847	0.647	0.632	0.7756
C17orf49	-0.105	0.5419	-1.027	0.464	0.633	0.7775
NELFE	-4.455	1	-1.796	0.612	0.633	0.7788
PRDM12	-0.755	0.775	0.57	0.41	0.635	0.782
ZBTB33	-2.343	0.9904	-1.648	0.575	0.636	0.7826
CREB1	-1.768	0.9615	-1.711	0.564	0.636	0.7832
ZXDC	-0.438	0.6693	-0.093	0.435	0.637	0.7845
BAHD1	-1.289	0.9013	0.682	0.445	0.638	0.7863
ZNF248	-0.748	0.7727	0.536	0.411	0.638	0.7863
NCAPG	-1.158	0.8765	-0.323	0.479	0.638	0.787
WHSC1	-0.55	0.7089	-0.079	0.439	0.638	0.7876
L3MBTL4	-0.125	0.5497	-0.907	0.456	0.639	0.7888
PRAME	-0.146	0.558	-0.879	0.455	0.64	0.7907
CENPT	-0.8	0.7883	0.639	0.406	0.64	0.7907
ZNF430	-0.762	0.777	0.501	0.41	0.641	0.7919
FOXJ2	-0.397	0.6544	-0.615	0.452	0.645	0.7993
LEO1	-0.271	0.6067	-0.72	0.446	0.646	0.8011
ZNF639	-0.579	0.7187	-0.913	0.472	0.647	0.8017
SPI1	-4.056	1	-0.732	0.538	0.647	0.8029
IRAK4	-0.064	0.5256	-1.259	0.46	0.647	0.8029
ZNF83	-0.528	0.7014	-1.033	0.472	0.648	0.8035
RUNX1	-5.038	1	-1.484	0.567	0.648	0.8035
RAD51	-0.989	0.8388	-0.391	0.47	0.648	0.8046
ZBTB1	-0.332	0.63	-0.688	0.45	0.648	0.8046
POLR2H	-0.318	0.6248	-0.793	0.451	0.649	0.8052
POLR2B	-0.61	0.729	-1.37	0.485	0.649	0.8058
BANP	-0.798	0.7875	-0.279	0.456	0.651	0.8088
BTAF1	-0.37	0.6444	-0.588	0.44	0.655	0.8146
ZNF280A	-0.757	0.7756	0.275	0.41	0.655	0.8152
RBPJ	-2.201	0.9861	-2.118	0.591	0.655	0.8152
ZBTB16	-1.278	0.8994	-0.78	0.491	0.655	0.8158
DPF1	-0.507	0.694	-0.824	0.46	0.657	0.818
NCOA1	-0.517	0.6975	-0.563	0.445	0.658	0.8203
ZNF48	-0.822	0.7944	0.43	0.404	0.659	0.8209
KLF7	-0.36	0.6404	-1.232	0.466	0.66	0.8226
CSDE1	-0.795	0.7867	-0.59	0.462	0.661	0.8243
HLTF	-0.438	0.6693	-0.673	0.445	0.661	0.8243
TBL1XR1	-0.798	0.7875	-1.514	0.49	0.663	0.8281
ETV1	-0.783	0.7833	-1.788	0.504	0.665	0.8309
YY1	-4.044	1	-1.936	0.586	0.665	0.8314
ZSCAN22	-0.476	0.6831	-1.341	0.469	0.666	0.832
MCM7	-1.195	0.884	-0.01	0.451	0.667	0.8336
ERG	-3.61	0.9998	-2.696	0.613	0.669	0.8363
PPARGC1A	-0.419	0.6623	-0.714	0.437	0.67	0.8379
PRDM2	-0.363	0.6418	-1.23	0.459	0.67	0.8384
RPE	-0.933	0.8247	-1.575	0.496	0.67	0.8389
CREM	-0.926	0.8229	-0.805	0.469	0.671	0.84
SETX	-0.198	0.5786	-1.313	0.451	0.671	0.84
FAM208A	-0.355	0.6387	-1.335	0.459	0.675	0.8457
TCOF1	-0.213	0.5843	-1.381	0.45	0.677	0.8477
FOXP1	-2.188	0.9857	-2.329	0.578	0.677	0.8482
BCL3	-1.279	0.8995	-1.12	0.488	0.68	0.8522
ZNF837	-0.789	0.7849	-0.52	0.437	0.681	0.8537
BRPF3	-0.182	0.5723	-1.682	0.465	0.681	0.8537
E2F4	-1.221	0.889	-1.533	0.499	0.682	0.8547
BPTF	-0.193	0.5766	-1.529	0.451	0.683	0.8567
LMO2	-1.485	0.9312	-0.472	0.47	0.686	0.8605
SPIB	-1.463	0.9282	-0.09	0.453	0.689	0.8643
VDR	-2.741	0.9969	-2.175	0.575	0.689	0.8653
MBOAT4	-0.393	0.6529	-1.151	0.438	0.689	0.8653
HNF1B	-0.779	0.7821	-0.258	0.408	0.69	0.8657
CDK6	-0.273	0.6077	-1.489	0.446	0.69	0.8657
BCAT1	-0.799	0.788	-0.582	0.435	0.692	0.868
ZNF76	-1.034	0.8494	-1.605	0.488	0.692	0.868
NFRKB	-0.689	0.7547	-0.794	0.437	0.692	0.868
PHF2	-0.314	0.6234	-1.594	0.455	0.693	0.8694
MBTD1	-0.339	0.6326	-1.379	0.442	0.693	0.8703
ZNF354C	-0.994	0.8398	0.233	0.389	0.695	0.8717
MEIS1	-1.176	0.8801	-0.15	0.433	0.695	0.8717
RAC3	-0.643	0.7399	-0.654	0.42	0.696	0.8735
E2F1	-2.456	0.993	-1.504	0.525	0.698	0.8762
GLI2	-1.269	0.8978	-2.062	0.522	0.698	0.8766
POLR3A	-1.091	0.86240000000000006	-1.304	0.473	0.699	0.8771
YBX1	-2.119	0.9829	0.346	0.449	0.7	0.8779
HDAC8	-0.805	0.7896	-0.756	0.437	0.7	0.8784
RELA	-7.86	1	-2.261	0.576	0.701	0.8801
GABPA	-4.059	1	-2.236	0.574	0.701	0.8801
BATF	-1.869	0.9692	-1.168	0.499	0.702	0.881
BRDU	-2.141	0.9838	0.475	0.438	0.703	0.8818
ZNF138	-0.865	0.8064	-0.251	0.401	0.704	0.8836
DLX2	-0.871	0.8081	-0.218	0.4	0.705	0.8844
ATF1	-1.461	0.928	-1.421	0.489	0.706	0.8852
ZNF143	-2.649	0.996	-1.933	0.546	0.707	0.8873
MLLT3	-0.458	0.6765	-1.291	0.434	0.707	0.8873
OVOL3	-0.795	0.7867	-1.046	0.442	0.708	0.8877
CRY1	-1.093	0.8627	0.195	0.376	0.708	0.8882
MECOM	-0.707	0.7604	-0.698	0.415	0.709	0.8886
CDK8	-1.77	0.9616	-1.956	0.532	0.709	0.889
NRF1	-2.597	0.9953	-1.656	0.526	0.711	0.891
BRCA1	-1.736	0.9587	-1.693	0.512	0.711	0.891
HBP1	-0.504	0.693	-1.565	0.45	0.711	0.8914
SIX4	-1.104	0.8653	0.133	0.374	0.712	0.8922
HOXB13	-4.507	1	-0.207	0.476	0.712	0.8926
SPDEF	-0.924	0.8221	-1.2	0.455	0.713	0.8938
SETDB1	-2.324	0.9899	-0.609	0.476	0.717	0.8982
JMJD1C	-1.086	0.8612	-0.856	0.443	0.718	0.8986
AFF4	-1.762	0.961	-1.593	0.501	0.72	0.9016
NFYB	-1.024	0.847	-1.275	0.457	0.721	0.902
CLOCK	-1.174	0.8799	-0.485	0.419	0.721	0.902
OGT	-1.424	0.9228	-1.699	0.492	0.721	0.9028
HDGF	-1.867	0.969	-1.213	0.487	0.723	0.9039
ELF1	-1.509	0.9344	-2.004	0.514	0.723	0.9046
ZNF711	-0.552	0.7096	-1.363	0.427	0.725	0.9061
ZSCAN2	-0.87	0.8079	-0.577	0.4	0.725	0.9061
ZNF146	-1.045	0.8521	-1.097	0.447	0.725	0.9065
FOXK1	-1.448	0.9262	-0.791	0.457	0.725	0.9065
ZFAT	-0.941	0.8267	-0.398	0.394	0.725	0.9065
MCM3	-0.995	0.84	-0.674	0.416	0.726	0.9076
USP49	-1.205	0.8859	0.074	0.362	0.727	0.9083
ZNF239	-0.972	0.8344	-0.874	0.429	0.728	0.909
CDK9	-3.749	0.9999	-2.638	0.553	0.731	0.9122
RARG	-1.111	0.8666	-0.88	0.434	0.732	0.9133
TRRAP	-0.892	0.8139	-1.263	0.438	0.732	0.9133
CTBP1	-1.147	0.8744	-0.75	0.429	0.732	0.9133
ZNF136	-1.235	0.8916	0.046	0.359	0.733	0.9143
MCRS1	-0.512	0.6958	-1.567	0.43	0.733	0.9147
TFDP1	-1.423	0.9227	-1.52	0.473	0.735	0.9164
SAP30	-1.353	0.912	-1.777	0.482	0.737	0.9181
TET1	-0.504	0.6927	-1.628	0.431	0.737	0.9184
THAP1	-0.516	0.697	-1.632	0.43	0.741	0.9214
PHF8	-2.009	0.9777	-1.643	0.497	0.742	0.9224
TAF3	-0.488	0.6872	-1.701	0.432	0.742	0.9227
SKI	-0.82	0.7939	-0.992	0.404	0.742	0.9227
CAMTA2	-0.887	0.8126	-0.825	0.398	0.743	0.9236
PAF1	-2.134	0.9836	-1.581	0.493	0.744	0.9243
CDC5L	-1.061	0.8557	-0.859	0.414	0.744	0.9246
AEBP2	-1.308	0.9046	-0.502	0.404	0.746	0.9262
ZFP41	-1.443	0.9255	-0.127	0.389	0.747	0.9268
ZNF8	-1.325	0.9074	-0.738	0.426	0.748	0.9277
LRWD1	-1.376	0.9157	0.022	0.338	0.752	0.9311
FOXK2	-1.674	0.9529	-0.961	0.452	0.752	0.9314
AUTS2	-0.509	0.6946	-1.788	0.431	0.752	0.9317
WDHD1	-1.009	0.8435	-1.21	0.417	0.755	0.934
SPIN1	-0.668	0.748	-1.599	0.418	0.755	0.934
RELB	-1.752	0.9601	-1.075	0.46	0.757	0.9352
ASH1L	-0.571	0.7161	-1.752	0.426	0.757	0.9355
CPSF3L	-1.444	0.9257	-1.677	0.469	0.759	0.9372
COPS2	-0.785	0.7837	-1.486	0.407	0.761	0.9389
BRD1	-0.484	0.686	-1.929	0.432	0.761	0.9389
E2F2	-0.884	0.8116	-1.194	0.399	0.761	0.9389
KLF6	-0.516	0.6971	-1.877	0.43	0.764	0.9405
GLI4	-0.904	0.8171	-1.526	0.421	0.764	0.9408
XRN2	-1.6	0.9452	-1.581	0.468	0.764	0.941
RUNX1T1	-1.7	0.9555	-0.792	0.433	0.766	0.9426
IRF3	-1.243	0.8931	-1.544	0.444	0.767	0.9429
LYL1	-2.057	0.9801	-0.302	0.417	0.767	0.9432
BIRA	-1.581	0.943	-0.71	0.415	0.768	0.9437
THAP11	-0.691	0.7552	-1.704	0.416	0.768	0.9437
CCDC101	-1.151	0.8751	-1.383	0.428	0.768	0.944
ELL2	-2.205	0.9863	-1.606	0.48	0.769	0.9445
HOXA2	-0.746	0.7722	-1.671	0.411	0.77	0.9452
STAT5A	-1.548	0.9392	-1.964	0.482	0.77	0.9455
ZSCAN5A	-0.917	0.8203	-1.677	0.432	0.771	0.9458
NONO	-1.675	0.9531	-0.151	0.368	0.773	0.947
ZNF592	-1.243	0.8931	-0.927	0.4	0.773	0.9475
TLE3	-2.821	0.9976	-0.247	0.423	0.774	0.948
KDM4B	-1.042	0.8514	-1.655	0.434	0.774	0.9483
PTPN11	-0.706	0.76	-1.764	0.415	0.775	0.9488
RAG2	-0.42	0.6628	-2.425	0.436	0.778	0.9509
PLRG1	-1.919	0.9725	0.028	0.347	0.779	0.9512
AGO2	-0.807	0.7902	-1.611	0.406	0.779	0.9514
HOXA4	-0.485	0.6863	-2.152	0.432	0.779	0.9517
ZNF687	-1.11	0.8666	-1.439	0.408	0.78	0.9524
RFX2	-0.894	0.8143	-1.505	0.398	0.782	0.9533
GABP	-0.948	0.8284	-1.882	0.439	0.783	0.9542
SUPT5H	-2.653	0.996	-2.069	0.504	0.785	0.9551
KAT7	-0.558	0.7117	-2.032	0.427	0.785	0.9556
RBL2	-1.864	0.9688	-1.369	0.451	0.787	0.9564
KLF3	-1.04	0.8508	-1.292	0.383	0.787	0.9567
HJURP	-1.181	0.8812	-0.993	0.365	0.788	0.9571
ETS1	-3.649	0.9999	-2.069	0.506	0.789	0.9578
ZNF260	-0.982	0.837	-1.439	0.39	0.789	0.958
ORC1	-0.852	0.803	-1.68	0.402	0.79	0.9582
E2F3	-0.584	0.7202	-2.058	0.425	0.791	0.9588
RXRG	-2.025	0.9786	-1.264	0.447	0.793	0.9599
SOX9	-1.117	0.8679	-1.998	0.453	0.793	0.9599
GTF2B	-2.917	0.9982	-1.684	0.476	0.793	0.9603
GTF2E2	-0.932	0.8243	-1.59	0.394	0.794	0.9605
ZBTB11	-1.811	0.9649	-1.737	0.466	0.796	0.9615
PBX1	-1.286	0.9007	-1.408	0.406	0.796	0.9617
CENPC	-1.631	0.9485	-0.261	0.276	0.797	0.9621
FUS	-1.238	0.8921	-1.477	0.404	0.798	0.9627
KLF13	-1.245	0.8935	-1.56	0.408	0.801	0.9643
NFYA	-2.031	0.9789	-1.582	0.459	0.801	0.9645
DNMT3B	-1.821	0.9657	-1.48	0.438	0.805	0.9668
BCL11B	-1.864	0.9688	-1.841	0.466	0.807	0.9677
ETV5	-1.395	0.9185	-1.278	0.393	0.807	0.9678
HCFC1	-2.267	0.9883	-1.787	0.468	0.808	0.968
NKX3-1	-1.899	0.9712	-0.565	0.365	0.808	0.9684
KMT2D	-3.037	0.9988	-1.845	0.476	0.811	0.9698
RUVBL1	-1.019	0.8459	-1.682	0.386	0.813	0.9706
MAFB	-1.067	0.857	-1.62	0.379	0.813	0.9706
IRF4	-2.833	0.9977	-1.498	0.453	0.816	0.9718
HDAC1	-2.089	0.9816	-2.291	0.48	0.816	0.972
NBN	-2.383	0.9914	-1.906	0.471	0.817	0.9723
DIDO1	-1.398	0.9189	-1.493	0.397	0.817	0.9723
PPARD	-0.904	0.8171	-1.889	0.397	0.819	0.9731
CCND2	-0.693	0.7559	-3.174	0.416	0.821	0.9744
BCL6	-3.143	0.9992	-2.317	0.489	0.823	0.9751
RUNX3	-1.119	0.8685	-1.672	0.372	0.824	0.9754
MED12	-1.389	0.9176	-1.986	0.439	0.824	0.9754
PIAS1	-5.272	1	-0.528	0.393	0.825	0.976
CREB3L4	-1.26	0.8962	-1.502	0.355	0.826	0.9765
TLX1	-1.329	0.9081	-1.369	0.344	0.828	0.9771
LMO1	-1.073	0.8585	-1.787	0.379	0.828	0.9772
ERF	-1.959	0.9749	-1.036	0.392	0.829	0.9775
XBP1	-1.788	0.9631	-1.713	0.435	0.829	0.9775
ZNF207	-2.782	0.9973	-0.508	0.347	0.829	0.9775
ASH2L	-1.748	0.9598	-1.083	0.366	0.83	0.978
HDAC3	-1.922	0.9727	-1.128	0.393	0.832	0.9786
FXR1	-1.043	0.8514	-1.845	0.383	0.832	0.9786
IRF1	-2.49	0.9936	-1.933	0.467	0.833	0.979
TAT	-1.398	0.919	-1.353	0.335	0.833	0.9791
NKRF	-1.486	0.9314	-1.841	0.418	0.834	0.9794
KDM6A	-1.146	0.874	-1.772	0.369	0.834	0.9795
ELK3	-0.95	0.829	-1.964	0.393	0.835	0.9797
VEZF1	-1.354	0.9121	-1.832	0.405	0.837	0.9803
EBNA3C	-2.388	0.9915	-1.079	0.396	0.837	0.9806
CSNK2A1	-1.077	0.8593	-1.852	0.378	0.837	0.9806
ZBTB40	-2.474	0.9933	-2.43	0.475	0.839	0.9811
ZBTB7B	-1.182	0.8814	-1.755	0.365	0.839	0.9812
PML	-2.417	0.9922	-1.974	0.465	0.841	0.9818
CD59	-1.228	0.8903	-1.711	0.359	0.841	0.9818
CBX5	-1.774	0.962	-1.914	0.439	0.842	0.9822
NR2C2	-3.821	0.9999	-2.052	0.472	0.842	0.9823
ESRRA	-1.397	0.9188	-2.778	0.441	0.844	0.9829
GRHL1	-1.449	0.9263	-1.459	0.325	0.844	0.9831
EBNA3	-1.565	0.9412	-1.328	0.299	0.848	0.9842
BCLAF1	-1.27	0.898	-2.731	0.429	0.849	0.9844
NFKB2	-1.727	0.9579	-1.391	0.36	0.849	0.9845
ETV6	-2.436	0.9926	-1.396	0.404	0.85	0.9849
TARDBP	-1.733	0.9585	-2.809	0.456	0.851	0.985
YBX3	-1.73	0.9582	-1.473	0.36	0.852	0.9854
DEAF1	-1.234	0.8914	-1.841	0.359	0.853	0.9856
HOXA6	-0.99	0.839	-2.199	0.389	0.853	0.9858
MYB	-3.373	0.9996	-1.689	0.436	0.856	0.9864
MGEA5	-0.94	0.8263	-2.884	0.394	0.856	0.9865
STAT2	-1.955	0.9747	-1.988	0.44	0.856	0.9866
FOXD2	-1.103	0.8649	-2.014	0.375	0.856	0.9866
DCP1A	-1.6	0.9452	-1.841	0.4	0.857	0.9867
CDK12	-0.979	0.8362	-2.499	0.391	0.857	0.9869
SRSF3	-1.445	0.9258	-1.849	0.386	0.86	0.9876
EHF	-1.842	0.9672	-1.795	0.406	0.861	0.988
SIX5	-2.498	0.9937	-1.899	0.44	0.862	0.9881
BATF3	-1.687	0.9542	-1.36	0.247	0.864	0.9886
EBNA2	-1.593	0.9445	-1.52	0.29	0.864	0.9886
ETV7	-1.28	0.8998	-1.896	0.352	0.865	0.9889
NPAT	-1.128	0.8704	-2.144	0.371	0.866	0.9891
KAT8	-1.999	0.9772	-1.823	0.407	0.867	0.9895
ARRB1	-2.008	0.9777	-1.385	0.338	0.868	0.9898
E2F8	-1.186	0.8821	-2.028	0.364	0.868	0.9898
U2AF1	-1.917	0.9724	-1.726	0.394	0.869	0.9899
MNT	-1.824	0.9659	-1.871	0.405	0.87	0.9902
ETS2	-1.789	0.9632	-1.803	0.395	0.871	0.9903
MLLT1	-2.578	0.995	-2.563	0.459	0.871	0.9903
TRIM22	-1.612	0.9465	-1.844	0.377	0.872	0.9907
ELK1	-3.086	0.999	-1.915	0.436	0.875	0.9911
ARNTL	-2.019	0.9783	-1.782	0.394	0.877	0.9917
BARX1	-1.342	0.9102	-1.935	0.343	0.878	0.9918
SNAPC1	-1.649	0.9504	-1.621	0.268	0.88	0.9922
BARX2	-1.573	0.9421	-1.755	0.296	0.881	0.9925
RBCK1	-1.514	0.935	-1.826	0.311	0.882	0.9926
HMG20A	-1.698	0.9553	-1.581	0.238	0.882	0.9926
ZIC2	-1.323	0.9072	-1.993	0.346	0.882	0.9926
NCOR1	-2.407	0.992	-3.08	0.45	0.883	0.9927
WRNIP1	-1.151	0.8751	-3.303	0.369	0.884	0.993
TDRD3	-1.473	0.9296	-1.877	0.32	0.885	0.9931
KLF10	-1.753	0.9602	-1.933	0.391	0.885	0.9931
FOXG1	-1.348	0.9111	-1.994	0.342	0.886	0.9933
TAFII	-1.724	0.9577	-1.938	0.383	0.886	0.9934
ATOH1	-1.316	0.9059	-2.132	0.346	0.887	0.9935
DLX1	-1.317	0.9061	-2.127	0.346	0.888	0.9936
MRE11A	-1.522	0.936	-2.091	0.379	0.888	0.9937
ASCL2	-1.299	0.903	-2.189	0.349	0.888	0.9937
NELFA	-4.029	1	-1.855	0.417	0.89	0.994
HDAC6	-1.762	0.961	-2.258	0.407	0.891	0.9941
MEN1	-1.802	0.9642	-1.863	0.361	0.893	0.9945
ZNF131	-1.661	0.9517	-1.783	0.263	0.894	0.9946
NFAT5	-1.476	0.93	-1.957	0.32	0.894	0.9947
CASP8AP2	-1.497	0.9328	-1.941	0.315	0.894	0.9947
GMEB1	-1.712	0.9566	-1.744	0.221	0.897	0.9951
KDM3A	-1.645	0.95	-2.15	0.379	0.898	0.9952
MTA3	-2.371	0.9911	-2.96	0.433	0.898	0.9952
EPC1	-2.095	0.9819	-1.752	0.339	0.898	0.9953
NFYC	-1.541	0.9383	-1.951	0.305	0.898	0.9953
EMSY	-1.614	0.9468	-1.881	0.283	0.901	0.9956
HDAC4	-1.32	0.9066	-2.797	0.346	0.902	0.9957
FEV	-1.468	0.929	-2.06	0.321	0.902	0.9957
ARNT2	-1.428	0.9233	-2.156	0.329	0.903	0.9958
ZBTB10	-1.533	0.9374	-2.026	0.307	0.904	0.9961
ELF2	-1.723	0.9576	-1.807	0.196	0.904	0.9961
MXD3	-1.604	0.9457	-1.939	0.286	0.905	0.9961
NFATC1	-1.923	0.9727	-2.747	0.407	0.906	0.9963
HOXA1	-1.61	0.9463	-1.958	0.285	0.908	0.9965
TERF1	-1.59	0.9441	-1.997	0.291	0.909	0.9966
ZNF75A	-1.667	0.9523	-1.928	0.26	0.909	0.9966
SND1	-2.812	0.9975	-1.605	0.29	0.909	0.9966
SREBF1	-2.321	0.9899	-2.161	0.403	0.909	0.9967
NFKB1	-2.455	0.993	-2.469	0.414	0.912	0.997
STAT5	-2.967	0.9985	-2.008	0.403	0.913	0.997
ARID5B	-1.543	0.9385	-2.176	0.305	0.916	0.9973
DDX21	-1.889	0.9706	-1.988	0.344	0.916	0.9974
RBP2	-1.692	0.9547	-1.977	0.243	0.919	0.9976
HMGN1	-1.542	0.9385	-2.422	0.305	0.92	0.9977
ZNF597	-1.683	0.9538	-2.027	0.25	0.922	0.9979
GMEB2	-2.235	0.9873	-1.921	0.315	0.922	0.9979
BACH2	-2.93	0.9983	-1.851	0.344	0.923	0.998
MEF2C	-1.54	0.9382	-2.963	0.306	0.925	0.9981
SREBF2	-1.611	0.9464	-2.247	0.285	0.925	0.9981
KAT5	-2.306	0.9894	-2.038	0.361	0.925	0.9981
TERF2	-1.626	0.9481	-2.212	0.278	0.926	0.9982
CDK7	-2.558	0.9947	-2.821	0.4	0.93	0.9984
PAX5	-4.193	1	-2.396	0.402	0.934	0.9987
CD74	-2.979	0.9986	-1.796	0.227	0.935	0.9988
ELK4	-3.112	0.9991	-1.955	0.335	0.939	0.999
POU2F2	-2.377	0.9913	-3.111	0.37	0.943	0.9991
STAT5B	-3.917	1	-2.897	0.395	0.943	0.9992
NCOR2	-2.287	0.9889	-2.153	0.292	0.945	0.9993
TBX21	-2.662	0.9961	-2.15	0.33	0.947	0.9993
KDM5A	-3.361	0.9996	-1.953	0.264	0.95	0.9994
REL	-2.19	0.9857	-3.163	0.331	0.951	0.9995
SMAD5	-2.372	0.9912	-2.205	0.258	0.955	0.9996
ZBED1	-2.371	0.9911	-2.406	0.272	0.957	0.9996
FOXP3	-2.416	0.9922	-2.307	0.233	0.962	0.9997
GATA2	5.19	1.053e-7	2.774	0.67	0.01	4.115e-6
RELA	10.239	6.614000000000001e-25	2.43	0.763	0.013	9.753e-6
SPI1	10.174	1.289e-24	2.427	0.69	0.015	1.549e-5
FLI1	4.696	1.324e-6	3.229	0.609	0.018	2.459e-5
TEAD1	3.682	1.157e-4	2.559	0.61	0.027	9.176e-5
LYL1	4.12	1.896e-5	2.397	0.621	0.029	1.153e-4
LMO2	3.616	1.498e-4	2.527	0.61	0.03	1.195e-4
ETV6	2.773	0.002779	2.588	0.636	0.031	1.377e-4
FOXO1	2.864	0.002092	2.555	0.622	0.034	1.736e-4
EP300	7.131	4.969e-13	2.126	0.722	0.034	1.792e-4
IRF4	3.692	1.114e-4	2.682	0.578	0.038	2.49e-4
STAT3	4.907	4.628e-7	2.635	0.572	0.039	2.633e-4
RELB	2.782	0.002698	2.741	0.588	0.043	3.612e-4
TEAD4	3.461	2.693e-4	2.371	0.599	0.045	3.986e-4
VDR	4.205	1.307e-5	2.813	0.564	0.046	4.282e-4
IRF1	3.696	1.096e-4	2.062	0.712	0.046	4.282e-4
RUNX1	6.76	6.908e-12	2.201	0.591	0.047	4.699e-4
EBNA3C	2.711	0.003354	2.256	0.642	0.048	4.918e-4
MEF2B	3.862	5.635e-5	2.241	0.589	0.049	5.375e-4
YAP1	3.607	1.547e-4	2.219	0.595	0.051	5.985e-4
JUND	3.067	0.001082	2.11	0.647	0.051	6.113e-4
STAT4	1.718	0.04289	2.624	0.615	0.052	6.242e-4
NFKB1	2.669	0.003799	2.413	0.594	0.052	6.373e-4
JUN	5.38	3.721e-8	2.002	0.619	0.052	6.373e-4
BCL6	3.457	2.728e-4	2.214	0.601	0.052	6.373e-4
TCF7L1	3.529	2.088e-4	2.808	0.56	0.053	6.64e-4
GATA4	3.444	2.869e-4	2.5	0.571	0.053	6.777e-4
TBX21	2.796	0.002588	2.295	0.595	0.055	7.635e-4
MYB	4.227	1.182e-5	2.213	0.58	0.056	7.784e-4
DUX4	2.213	0.01345	2.881	0.574	0.056	8.09e-4
RUNX1T1	3.347	4.084e-4	2.235	0.586	0.058	8.562e-4
BATF	2.904	0.001844	2.308	0.584	0.058	8.724e-4
TP53	5.274	6.66e-8	2.001	0.603	0.059	9.053e-4
PROX1	2.335	0.009762	2.161	0.633	0.059	9.053e-4
SND1	2.807	0.002497	2.385	0.578	0.06	9.562e-4
SMARCC1	3.52	2.154e-4	2.073	0.6	0.06	9.912e-4
PRMT1	2.254	0.01209	2.473	0.579	0.062	0.001064
FOS	2.983	0.001425	2.021	0.632	0.062	0.001082
IKZF1	3.443	2.877e-4	1.942	0.643	0.063	0.001101
CEBPB	7.701	6.748e-15	1.869	0.606	0.063	0.00114
BACH2	2.793	0.002611	2.071	0.619	0.063	0.00114
SPIB	2.676	0.00373	2.694	0.558	0.066	0.001302
SMARCA2	2.023	0.02152	2.621	0.571	0.066	0.001302
MEIS1	2.748	0.003001	2.577	0.561	0.067	0.001345
FOSL1	3.032	0.001215	1.928	0.625	0.07	0.001526
TCF12	2.954	0.001569	3.036	0.543	0.07	0.00155
STAT1	3.509	2.248e-4	2.129	0.572	0.07	0.001574
HNF1B	1.702	0.04433	2.25	0.61	0.07	0.001574
FOXA2	4.268	9.867e-6	2.252	0.551	0.071	0.001623
PAX5	4.123	1.873e-5	2.475	0.538	0.073	0.001775
JMJD1C	2.812	0.002459	2.219	0.571	0.074	0.001827
TAL1	3.015	0.001285	1.874	0.605	0.079	0.002226
STAG1	8.578	4.821e-18	2.102	0.545	0.082	0.002478
ELF3	2.181	0.0146	2.517	0.549	0.082	0.00251
GATA3	3.483	2.481e-4	1.987	0.571	0.083	0.002543
HMG20A	1.712	0.0434	2.006	0.626	0.083	0.00261
TP63	6.85	3.698e-12	2.082	0.546	0.084	0.002678
FUS	2.196	0.01404	2.387	0.558	0.084	0.002678
SMAD1	2.112	0.01733	2.21	0.572	0.084	0.002713
NFKB2	2.152	0.01571	2.515	0.548	0.084	0.002713
BATF3	1.722	0.04249	1.941	0.649	0.086	0.002818
ZNF384	1.796	0.03628	2.31	0.568	0.087	0.002926
WWTR1	2.316	0.01028	2.048	0.576	0.088	0.003112
EBNA3	1.7	0.04454	2.012	0.608	0.089	0.003188
TCF4	2.233	0.01278	2.126	0.57	0.09	0.003266
TRIM22	2.274	0.01149	2.163	0.564	0.091	0.003345
ZNF597	1.667	0.04777	2.13	0.586	0.091	0.003345
CD74	2.28	0.0113	1.563	0.655	0.095	0.00389
EBNA2	1.609	0.0538	2.394	0.564	0.096	0.004024
TEAD1-TEAD4	1.613	0.05338	2.332	0.565	0.097	0.00416
GATA6	3.098	9.731e-4	2.35	0.528	0.098	0.0043
HOXA9	1.757	0.03944	2.37	0.549	0.098	0.0043
FOSL2	8.436	1.644e-17	1.717	0.563	0.099	0.004395
BANF1	2.471	0.006734	2.222	0.543	0.1	0.004491
EED	1.825	0.03397	2.072	0.567	0.103	0.00489
PGBD3	1.649	0.04953	2.047	0.578	0.104	0.004993
DAXX	1.97	0.02443	2.557	0.529	0.104	0.005098
EWSR1	1.535	0.0624	2.454	0.547	0.105	0.005151
CBX5	1.683	0.04619	2.8	0.531	0.105	0.005151
SKI	1.682	0.04628	1.892	0.591	0.105	0.005204
GRIP1	1.851	0.03209	1.852	0.58	0.106	0.005421
RUNX3	1.552	0.06032	2.372	0.551	0.107	0.005476
TERF1	1.593	0.05559	2.239	0.56	0.107	0.005476
RXRG	3.034	0.001208	1.813	0.562	0.107	0.005588
ZBTB16	1.443	0.07451	1.848	0.616	0.114	0.006659
PCGF2	2.081	0.0187	2.009	0.549	0.114	0.006722
STAT5A	1.617	0.05295	1.803	0.591	0.114	0.006722
FOXP1	1.461	0.07196	1.895	0.6	0.115	0.006914
MBD3	2.024	0.02147	1.482	0.606	0.116	0.007044
NCOR2	1.997	0.0229	1.859	0.566	0.116	0.00711
SMC1A	5.699	6.019e-9	1.656	0.544	0.117	0.007242
NKX2-1	2.26	0.01192	2.565	0.506	0.118	0.007309
MED12	1.757	0.03946	1.716	0.583	0.118	0.007309
ERCC6	1.62	0.05264	2.874	0.515	0.119	0.007581
PRDM1	2.062	0.01962	2.16	0.53	0.122	0.008216
HNF1A	1.643	0.05021	1.734	0.58	0.123	0.008362
CTCF	21.431	3.4349999999999995e-102	1.688	0.532	0.124	0.008584
RAD21	6.497	4.094e-11	1.584	0.539	0.124	0.008659
RXRA	2.599	0.004673	1.623	0.565	0.125	0.008734
CEBPA	1.806	0.03543	1.297	0.618	0.127	0.009195
TERF2	1.522	0.06399	2.136	0.545	0.127	0.009195
HOXB13	2.573	0.005047	2.053	0.526	0.127	0.009273
ZBED1	2.079	0.0188	1.933	0.543	0.128	0.009511
NUP98-HOXA9	1.478	0.06968	2.247	0.538	0.131	0.01008
PSIP1	1.497	0.06714	2.432	0.525	0.131	0.01016
TCF21	2.755	0.002938	1.822	0.537	0.131	0.01016
STAT5B	2.73	0.003164	1.5	0.562	0.132	0.01025
MEF2A	1.509	0.06561	1.969	0.558	0.132	0.01025
PRMT5	1.62	0.05258	1.769	0.567	0.132	0.01033
TLX1	1.469	0.07091	2.259	0.537	0.132	0.01042
PBX3	1.504	0.06626	2.327	0.529	0.133	0.0105
TP73	1.759	0.03932	2.141	0.524	0.135	0.01111
MAFK	1.655	0.04893	2.212	0.525	0.136	0.0112
EPAS1	1.521	0.06416	2.044	0.545	0.136	0.0112
EBF1	1.684	0.04611	1.481	0.579	0.136	0.01129
SNAI2	3.568	1.797e-4	1.972	0.506	0.136	0.01129
STAT5	1.693	0.04522	1.655	0.567	0.137	0.01156
NR3C1	3.33	4.34e-4	1.365	0.554	0.138	0.01174
SMC3	5.068	2.008e-7	1.444	0.535	0.14	0.0124
TTF1	1.586	0.05637	2.541	0.502	0.141	0.01269
NFIC	1.26	0.1037	1.851	0.568	0.143	0.01318
ARID1A	1.694	0.0451	2.428	0.496	0.143	0.01318
MEF2C	1.514	0.06498	1.91	0.544	0.146	0.01409
PML	1.789	0.03681	1.071	0.581	0.151	0.01538
POU2F2	1.643	0.05021	1.797	0.54	0.151	0.01549
SMARCA4	1.958	0.02509	0.945	0.59	0.153	0.01616
LHX2	0.791	0.2145	1.657	0.593	0.158	0.01781
KMT2B	1.393	0.08181	2.054	0.524	0.159	0.01817
CDX2	1.531	0.0629	2.088	0.505	0.166	0.02075
LMNA	1.356	0.08754	2.377	0.494	0.168	0.02143
DACOR1	1.024	0.1529	2.689	0.494	0.168	0.02143
HIRA	1.666	0.04789	1.956	0.506	0.169	0.02156
ZIM3	1.305	0.09599	2.278	0.496	0.169	0.02184
SUMO1	3.379	3.643e-4	1.453	0.509	0.17	0.02212
ZBTB2	1.571	0.05814	1.892	0.512	0.172	0.02283
ZNF22	1.034	0.1505	2.437	0.495	0.173	0.02326
JUNB	0.883	0.1886	1.054	0.652	0.174	0.02355
SOX11	1.092	0.1375	2.41	0.494	0.174	0.02355
KMT2A	2.427	0.007611	0.869	0.549	0.176	0.02444
ZNF512	1.525	0.06362	2.001	0.498	0.179	0.02582
KDM1A	0.974	0.1651	1.377	0.571	0.18	0.02613
HOTAIR	1.562	0.05914	2.143	0.486	0.181	0.0266
HDAC4	1.333	0.09119	1.798	0.516	0.185	0.02839
SMAD3	1.037	0.1498	0.95	0.59	0.185	0.02855
TCF7L2	1.114	0.1326	1.664	0.533	0.187	0.02922
RING1	1.314	0.0945	1.845	0.511	0.187	0.02956
REPIN1	0.993	0.1603	1.827	0.526	0.188	0.0299
GRHL3	1.477	0.06982	1.533	0.526	0.188	0.03008
JARID2	3.782	7.78e-5	0.822	0.521	0.189	0.03042
ZNF92	1.068	0.1427	2.085	0.497	0.189	0.0306
CHAT	1.191	0.1168	2.298	0.485	0.19	0.03077
DMC1	0.988	0.1615	2.298	0.492	0.19	0.03095
NME2	1.23	0.1093	2.143	0.491	0.191	0.03112
CREBBP	0.887	0.1876	1.257	0.57	0.192	0.03165
HES2	3.823	6.587e-5	1.094	0.496	0.194	0.03273
MAF	1.201	0.1148	2.159	0.487	0.195	0.03328
TSC22D4	0.255	0.3993	1.475	0.625	0.197	0.03421
SATB1	0.722	0.2352	2.399	0.491	0.2	0.03612
ZNF654	1.617	0.05294	1.511	0.502	0.2	0.03612
NANOG	1.934	0.02654	1.507	0.494	0.201	0.03651
DEK	1.281	0.1001	1.76	0.5	0.204	0.03831
BRD4	2.611	0.004508	-0.515	0.611	0.206	0.03933
ZNF317	1.04	0.1492	2.217	0.481	0.206	0.03933
BRD9	1.279	0.1005	1.422	0.521	0.208	0.04079
OTX2	0.738	0.2303	1.166	0.565	0.208	0.04079
ZMYM3	0.843	0.1995	0.802	0.58	0.209	0.041
ZNF750	0.918	0.1792	2.107	0.488	0.209	0.04121
MAML3	1.439	0.0751	1.946	0.483	0.21	0.04164
POLR3D	1.502	0.06651	1.571	0.495	0.211	0.04206
KDM1B	0.787	0.2155	2.383	0.48	0.211	0.04228
KDM6B	1.356	0.08752	1.367	0.513	0.212	0.04293
ZFP57	1.377	0.08426	1.746	0.492	0.212	0.04293
ZNF783	1.576	0.05751	0.412	0.556	0.212	0.04315
LMO1	1.055	0.1458	1.787	0.496	0.213	0.04337
MYOG	1.034	0.1505	1.965	0.487	0.213	0.04359
EHF	0.987	0.1619	0.954	0.554	0.214	0.04381
ZNF808	0.704	0.2406	2.585	0.475	0.215	0.0447
ATF2	0.63	0.2642	1.067	0.569	0.216	0.04538
ERG	1.137	0.1277	0.34	0.576	0.217	0.04629
CDK8	1.972	0.0243	0.265	0.538	0.22	0.04792
KDM2B	3.252	5.725e-4	-0.183	0.542	0.22	0.04815
SOX2	0.779	0.218	1.225	0.542	0.221	0.04839
PRKDC	0.979	0.1638	1.235	0.526	0.224	0.0503
E2F7	1.5	0.06677	0.937	0.523	0.224	0.0503
BHLHE40	0.965	0.1672	0.888	0.547	0.224	0.05079
MYOD1	0.992	0.1607	1.448	0.51	0.225	0.05103
DRAP1	1.21	0.1132	1.371	0.506	0.225	0.05103
EZH2	2.373	0.008816	0.395	0.517	0.225	0.05128
KDM6A	0.984	0.1625	1.799	0.491	0.225	0.05128
ESCO2	1.085	0.139	1.495	0.498	0.226	0.05227
DPPA2	0.829	0.2035	2.026	0.482	0.229	0.05403
NR1H3	1.537	0.0622	1.493	0.483	0.231	0.05531
NIPBL	0.737	0.2307	0.229	0.601	0.231	0.05557
SIRT1	1.051	0.1467	1.733	0.486	0.231	0.05557
TOP1	1.379	0.08395	1.234	0.497	0.233	0.05714
PAX3	0.824	0.2049	1.961	0.482	0.234	0.05794
MLLT3	1.017	0.1547	1.507	0.494	0.235	0.05847
SRCAP	0.696	0.2432	2.221	0.474	0.236	0.05901
TRIM28	0.443	0.3288	1.781	0.51	0.236	0.05928
PHOX2B	0.758	0.2241	2.027	0.478	0.236	0.05928
EOMES	1.133	0.1286	1.711	0.479	0.241	0.06287
IRF5	0.725	0.2343	2.023	0.476	0.242	0.06372
HDAC3	0.386	0.3497	1.365	0.535	0.244	0.06515
SMARCB1	1.218	0.1117	0.541	0.531	0.244	0.06544
GATA1	1.297	0.09736	1.203	0.493	0.246	0.0666
MTA2	0.377	0.353	0.545	0.583	0.247	0.06808
TBX5	1.1	0.1356	1.734	0.473	0.248	0.06897
MYH11	1.481	0.06925	0.515	0.513	0.249	0.06957
MCM2	0.717	0.2365	1.95	0.476	0.25	0.07017
CBFB	1.796	0.03628	0.232	0.509	0.25	0.07048
HNF4A	1.389	0.08246	1.089	0.49	0.251	0.07078
WRNIP1	0.999	0.159	1.307	0.492	0.252	0.07201
PGR	0.851	0.1973	1.538	0.483	0.254	0.07387
DLX2	0.838	0.2009	1.583	0.483	0.255	0.0745
H2AZ	3.052	0.001135	-1.072	0.557	0.255	0.07482
POU5F1	0.963	0.1678	0.924	0.51	0.255	0.07482
MKL2	1.491	0.06804	0.799	0.495	0.255	0.07482
SMAD2-SMAD3	0.44	0.3301	0.733	0.557	0.255	0.07482
ZNF136	0.488	0.3126	2.405	0.462	0.256	0.07577
LIN9	0.834	0.2021	1.524	0.483	0.259	0.07802
FANCD2	0.662	0.2539	1.941	0.473	0.261	0.07966
CHRM2	0.725	0.2342	0.648	0.533	0.262	0.08065
LMNB1	0.714	0.2376	1.776	0.475	0.262	0.08099
RNF2	1.012	0.1559	0.494	0.518	0.263	0.08233
MAFF	0.703	0.2411	1.902	0.469	0.265	0.08402
CDK2	0.604	0.273	1.733	0.478	0.268	0.08678
NFE2L2	0.615	0.2692	0.567	0.535	0.269	0.08713
ZNF490	0.526	0.2994	2.052	0.464	0.273	0.0914
SRF	1.221	0.1111	0.249	0.507	0.275	0.09395
ZNF680	0.393	0.3473	1.731	0.481	0.278	0.09693
ZNF485	0.564	0.2862	1.863	0.466	0.278	0.09693
TLE3	0.591	0.2774	1.664	0.474	0.279	0.0973
TARDBP	0.631	0.2639	0.01	0.548	0.28	0.0992
RCOR1	0.338	0.3676	0.843	0.529	0.281	0.09996
ZNF486	0.361	0.3592	2.122	0.464	0.281	0.09996
CEBPD	0.307	0.3794	0.233	0.565	0.281	0.09996
NR2F2	0.592	0.2768	0.822	0.508	0.282	0.1007
TAT	0.745	0.2282	1.329	0.477	0.283	0.1015
HLF	0.726	0.234	1.693	0.464	0.286	0.105
CBX2	0.89	0.1867	0.861	0.486	0.288	0.107
ZNF284	0.477	0.3168	1.952	0.461	0.289	0.1086
CTNNB1	0.693	0.2441	1.437	0.474	0.29	0.1095
CHD4	1.228	0.1097	0.29	0.492	0.29	0.1099
LDB1	0.579	0.2812	1.627	0.467	0.291	0.1111
ETS1	1.025	0.1526	-0.536	0.542	0.294	0.114
NR1H2	1.132	0.1289	1.018	0.468	0.294	0.1144
ZNF133	0.449	0.3268	1.918	0.459	0.295	0.1153
ETV4	0.257	0.3985	0.257	0.546	0.295	0.1153
MITF	0.295	0.3841	1.146	0.498	0.295	0.1157
BCOR	0.934	0.1753	0.234	0.499	0.295	0.1161
CTCFL	1.269	0.1022	0.379	0.484	0.295	0.1161
SMARCE1	0.381	0.3517	1.261	0.486	0.296	0.1165
REL	0.753	0.2257	-0.174	0.527	0.298	0.1191
SUMO2	-0.194	0.5768	1.249	0.532	0.299	0.1204
GLI2	0.503	0.3074	-0.684	0.588	0.299	0.1208
PRDM6	0.71	0.2388	1.11	0.475	0.3	0.1213
MAFG	0.627	0.2653	1.658	0.459	0.301	0.123
CDK9	1.296	0.09753	-0.653	0.531	0.302	0.1243
NR4A1	0.111	0.4559	0.536	0.543	0.303	0.1252
PMEL	0.211	0.4163	-0.243	0.573	0.304	0.1266
ING5	0.448	0.3272	1.768	0.459	0.305	0.1279
ERCC3	0.478	0.3165	1.7	0.461	0.306	0.1284
CBX3	-0.097	0.5387	1.466	0.5	0.306	0.1288
FOXH1	0.511	0.3047	1.359	0.472	0.306	0.1288
BCL11A	-0.032	0.5128	0.136	0.575	0.307	0.1297
BIRA	0.215	0.415	1.302	0.487	0.307	0.1297
ERCC2	0.368	0.3564	1.955	0.456	0.309	0.1325
DDX5	0.111	0.4557	0.843	0.522	0.309	0.133
BCLAF1	0.283	0.3884	-0.133	0.547	0.31	0.1339
SS18	0.542	0.2938	0.557	0.493	0.312	0.1367
BMI1	0.396	0.346	0.724	0.495	0.312	0.1372
BRD7	0.775	0.2191	0.671	0.479	0.313	0.1386
FXR2	0.538	0.2955	1.37	0.465	0.314	0.1396
ZNF781	0.206	0.4183	1.594	0.47	0.316	0.1425
ZNF793	0.469	0.3195	1.536	0.459	0.316	0.1425
KDM3B	0.871	0.1919	0.566	0.475	0.318	0.1444
ZFAT	0.544	0.2934	1.274	0.465	0.318	0.1454
ZNF75D	0.39	0.3484	1.754	0.456	0.319	0.1464
FOXP3	0.913	0.1807	0.39	0.477	0.32	0.1469
HOXC9	0.537	0.2956	1.476	0.458	0.321	0.1489
MGEA5	0.709	0.2391	0.731	0.475	0.321	0.1494
ZNF519	0.871	0.1919	0.179	0.485	0.321	0.1494
CCND2	0.79	0.2149	0.386	0.48	0.321	0.1494
SSU72	0.591	0.2773	1.038	0.468	0.322	0.1504
ZNF440	0.319	0.3748	1.852	0.453	0.322	0.1509
PRDM14	0.549	0.2914	1.169	0.465	0.322	0.1509
TAZ	0.598	0.2748	0.967	0.468	0.323	0.1514
EBF3	0.349	0.3635	1.309	0.468	0.323	0.1519
ATF3	0.14	0.4445	0.035	0.541	0.325	0.1544
ERF	0.52	0.3014	1.442	0.458	0.325	0.1549
DNMT3A	0.286	0.3874	0.233	0.512	0.325	0.1549
GRHL2	-0.154	0.561	0.946	0.513	0.326	0.156
CNOT3	0.747	0.2276	0.368	0.479	0.326	0.156
TET2	0.251	0.4007	0.433	0.505	0.326	0.1565
ZNF202	0.535	0.2962	0.911	0.472	0.327	0.158
PBX1	-0.134	0.5533	0.714	0.525	0.327	0.158
SCRT1	0.135	0.4462	0.913	0.491	0.334	0.1671
TCF7	-0.048	0.5192	0.672	0.512	0.334	0.1681
PHF6	0.925	0.1774	-0.256	0.488	0.334	0.1681
ICE1	0.773	0.2199	0.605	0.466	0.335	0.1698
CEBPG	0.309	0.3785	1.159	0.466	0.337	0.1725
PHIP	1.48	0.0694	-0.921	0.495	0.337	0.1725
SSRP1	0.124	0.4509	1.406	0.469	0.338	0.1731
ZNF675	0.266	0.3952	1.767	0.451	0.338	0.1736
AR	-0.526	0.7007	1.233	0.522	0.34	0.1775
ARID3A	0.583	0.2801	0.961	0.459	0.343	0.1821
CDCA2	0.379	0.3522	1.281	0.456	0.347	0.1872
ZNF766	0.297	0.383	1.046	0.465	0.347	0.1878
ZEB1	0.335	0.3688	-0.612	0.534	0.348	0.1896
SMAD2	0.37	0.3557	1.062	0.46	0.349	0.1919
ZNF282	0.948	0.1716	-0.199	0.474	0.351	0.1943
ETV5	0.196	0.4221	0.447	0.486	0.351	0.1943
TERC	0.525	0.2998	1.179	0.452	0.352	0.1955
CDK7	0.681	0.2481	-0.651	0.507	0.352	0.1967
ZNF823	0.246	0.4029	1.535	0.45	0.353	0.1984
USF1	0.55	0.2913	0.136	0.476	0.354	0.199
ZNF84	0.297	0.3832	1.44	0.452	0.354	0.1997
CRY1	0.191	0.4241	1.74	0.447	0.354	0.1997
ZNF445	0.317	0.3756	1.341	0.453	0.354	0.2003
ZNF697	-0.196	0.5779	0.898	0.494	0.355	0.2009
SMAD4	-0.154	0.5613	0.168	0.525	0.355	0.2009
HMBOX1	0.374	0.354	1.153	0.456	0.356	0.2021
ZNF382	0.299	0.3824	1.234	0.454	0.36	0.2094
TBL1XR1	-0.016	0.5065	-0.426	0.541	0.36	0.2094
NKX3-1	0.212	0.4159	1.393	0.452	0.361	0.2119
JMJD6	0.73	0.2328	-0.636	0.492	0.361	0.2119
CUX1	-0.892	0.8137	-0.001	0.615	0.364	0.2163
SUZ12	0.198	0.4217	-0.31	0.508	0.365	0.2188
ZNF479	0.367	0.3568	0.962	0.455	0.366	0.2201
NCOR1	0.006	0.4975	-0.57	0.54	0.367	0.2213
PDX1	0.281	0.3895	1.155	0.453	0.368	0.2245
RBL1	0.405	0.3426	0.757	0.458	0.369	0.2252
BRDU	-0.263	0.6036	1.316	0.469	0.371	0.2284
NFE2L1	0.012	0.4951	0.933	0.466	0.374	0.2342
ZNF362	0.43	0.3336	0.754	0.454	0.374	0.2349
PIAS1	0.123	0.4512	1.317	0.452	0.375	0.2362
KLF16	0.326	0.3723	0.725	0.458	0.377	0.2408
SIX2	0.12	0.4523	1.09	0.456	0.379	0.2435
RAG2	0.692	0.2444	-0.421	0.474	0.381	0.2482
ZNF26	0.117	0.4535	1.461	0.443	0.384	0.2536
ZBTB14	0.719	0.2361	-0.67	0.476	0.386	0.2577
GTF2I	0.159	0.4368	0.552	0.463	0.388	0.2597
ZNF506	0.176	0.43	1.196	0.446	0.388	0.2597
ZNF182	0.258	0.3984	0.88	0.45	0.389	0.2618
NCAPH2	0.868	0.1926	-0.734	0.47	0.39	0.2652
RARA	-0.608	0.7284	-0.198	0.543	0.392	0.2687
HIF1A	-0.07	0.5279	0.692	0.466	0.393	0.2694
ZNF534	0.398	0.3452	0.222	0.457	0.394	0.2715
PARP1	0.029	0.4885	1.499	0.439	0.394	0.2722
FAIRE	-0.781	0.7827	-0.361	0.569	0.396	0.2757
NR2F6	0.181	0.4282	0.823	0.452	0.397	0.2778
BAHD1	-0.2	0.5791	1.525	0.446	0.398	0.2792
ZNF468	0.488	0.3129	-0.224	0.462	0.399	0.2828
ATF4	-0.43	0.6664	0.745	0.481	0.4	0.2842
NFATC1	-0.353	0.6381	-1.313	0.576	0.4	0.2849
ZNF100	0.198	0.4214	-0.582	0.488	0.401	0.2856
ZNF248	-0.025	0.5098	1.503	0.437	0.402	0.2878
RUNX2	-0.043	0.517	0.797	0.458	0.402	0.2878
ZNF141	0.194	0.4232	0.871	0.447	0.402	0.2878
ZNF280A	-0.006	0.5023	1.455	0.438	0.403	0.2892
ZNF425	0.227	0.4103	0.677	0.449	0.403	0.2899
INTS12	0.524	0.3	-0.382	0.464	0.403	0.2899
PCGF1	0.704	0.2409	-0.905	0.472	0.404	0.2913
TFAP4	0.075	0.4702	0.038	0.472	0.404	0.2928
AFF1	0.147	0.4414	-0.344	0.48	0.405	0.2935
MAX	0.168	0.4333	-1.457	0.528	0.405	0.2942
NFE2	-0.135	0.5537	-0.028	0.482	0.407	0.2971
HOXA2	0.434	0.332	-0.226	0.459	0.407	0.2978
FOXP2	0.381	0.3514	-0.286	0.462	0.409	0.3022
NOTCH3	-0.095	0.538	1.561	0.433	0.41	0.3037
SFPQ	-0.088	0.5351	1.503	0.433	0.412	0.3088
H3F3B	-0.002	0.501	1.208	0.438	0.414	0.3132
UBE2I	0.209	0.4173	0.393	0.448	0.418	0.3206
XCL1	0.344	0.3652	-0.109	0.454	0.418	0.3206
ZNF169	0.033	0.4867	1.042	0.439	0.418	0.3214
KLF15	-0.119	0.5474	-1.182	0.517	0.419	0.3221
MECOM	0.174	0.4311	0.538	0.446	0.42	0.3236
SCRT2	0.174	0.4311	0.661	0.443	0.42	0.3251
KLF5	-0.674	0.7497	-0.599	0.542	0.423	0.3311
ZNF770	0.142	0.4436	0.633	0.444	0.423	0.3311
ING2	0.317	0.3757	-0.148	0.453	0.423	0.3318
CDK12	0.348	0.3641	-0.248	0.454	0.425	0.3356
HCFC1R1	0.09	0.4642	0.801	0.442	0.425	0.3356
LEO1	0.226	0.4107	0.186	0.449	0.426	0.3364
KDM5B	-0.092	0.5366	-1.284	0.511	0.426	0.3371
DNMT1	-0.511	0.6953	-0.496	0.514	0.427	0.3401
SP1	-0.452	0.6744	-1.418	0.557	0.429	0.3439
ZNF28	0.143	0.4432	0.403	0.444	0.43	0.3454
NR0B1	0.426	0.3351	-0.592	0.458	0.43	0.3462
SOX4	0.141	0.4439	0.457	0.442	0.431	0.3485
ZNF549	-0.053	0.5212	1.059	0.435	0.432	0.35
TRAF7	0.208	0.4175	-1.208	0.484	0.433	0.3516
MLLT1	-0.663	0.7465	-1.156	0.552	0.435	0.3554
ZNF273	0.408	0.3415	-0.639	0.458	0.435	0.3562
ATF7IP	-0.38	0.6479	0.936	0.451	0.438	0.3631
ZNF257	0.212	0.4161	-0.156	0.448	0.441	0.3693
FOXA1	-1.762	0.9609	0.976	0.537	0.444	0.3755
TFAP2A	-0.308	0.6211	0.262	0.457	0.448	0.3833
SMN1	-0.196	0.5776	1.203	0.428	0.45	0.3896
RBPJ	-1.197	0.8843	-1.339	0.636	0.451	0.3911
ZFP28	-0.266	0.6047	1.032	0.434	0.452	0.3935
SRC	-0.352	0.6378	-0.203	0.468	0.453	0.3951
ICE2	0.121	0.4518	0.015	0.443	0.454	0.3966
ZNF2	-0.193	0.5765	-0.925	0.483	0.454	0.3982
EGR3	0.064	0.4744	0.189	0.441	0.455	0.3998
MAZ	-0.029	0.5115	-1.739	0.51	0.458	0.4053
ILK	-0.29	0.6139	0.936	0.436	0.458	0.4053
ZNF585A	-0.015	0.506	0.336	0.437	0.459	0.4077
KLF4	-0.825	0.7953	-0.299	0.494	0.459	0.4093
ZNF436	-0.103	0.5411	0.683	0.433	0.46	0.4101
TET3	-0.029	0.5117	-1.109	0.475	0.46	0.4109
ZTA	-0.369	0.644	1.063	0.435	0.46	0.4117
ZNF17	-0.203	0.5805	1.052	0.427	0.46	0.4117
CLOCK	-0.289	0.6138	0.947	0.432	0.462	0.4148
TRIM25	-0.246	0.5971	-0.97	0.482	0.462	0.4156
GFI1B	-0.445	0.6719	-0.091	0.465	0.463	0.4164
SETD1A	0.232	0.4084	-1.162	0.461	0.464	0.4188
CBX8	0.091	0.4638	-0.916	0.464	0.464	0.4204
NFIA	-0.157	0.5625	0.441	0.437	0.465	0.4212
ZNF649	-0.348	0.6362	1.424	0.421	0.466	0.4236
CENPT	-0.298	0.6171	1.239	0.424	0.466	0.4236
SP140	-0.132	0.5526	0.21	0.44	0.466	0.4244
ZNF586	-0.332	0.6302	1.347	0.422	0.467	0.4268
ZNF441	0.257	0.3985	-0.761	0.45	0.469	0.43
TBP	-0.532	0.7025	-1.643	0.537	0.469	0.4308
ARNT	-0.479	0.6839	-0.342	0.472	0.469	0.4316
PKNOX1	-0.174	0.5689	0.308	0.437	0.473	0.4388
POLR3A	-0.366	0.643	-0.29	0.46	0.475	0.4428
ZNF780A	-0.226	0.5893	0.806	0.426	0.475	0.4444
KDM4A	0.101	0.4599	-0.567	0.45	0.476	0.446
LANA	0.048	0.4808	-0.994	0.46	0.477	0.4484
ZNF140	-0.537	0.7042	1.011	0.435	0.477	0.4492
L3MBTL2	-0.006	0.5023	-0.25	0.441	0.478	0.4516
EGR1	-0.421	0.6631	-1.553	0.504	0.48	0.4557
ZNF429	-0.227	0.5897	0.692	0.426	0.481	0.4581
ZNF304	-0.261	0.6031	0.794	0.425	0.482	0.4605
CHD2	-0.43	0.6665	-1.74	0.523	0.483	0.4629
NFIL3	-0.143	0.5568	0.239	0.43	0.484	0.4637
UHRF2	0.218	0.4139	-0.974	0.448	0.484	0.4637
EZH1	-0.327	0.628	-1.698	0.504	0.485	0.4661
MYBL2	-0.007	0.5027	-0.23	0.437	0.485	0.4661
NOTCH1	-0.752	0.7741	-1.053	0.496	0.485	0.4669
C11orf30	-0.288	0.6132	0.033	0.441	0.487	0.4702
NR2F1	-0.429	0.6662	0.119	0.446	0.488	0.4726
CHD5	-0.172	0.5684	0.241	0.429	0.489	0.475
PRDM12	-0.368	0.6434	1.067	0.42	0.489	0.475
LARP7	-0.834	0.7978	0.061	0.463	0.489	0.4758
ELF1	-0.586	0.7211	-1.49	0.505	0.49	0.4766
GTF3C2	0.015	0.4939	-0.847	0.451	0.49	0.4766
ZNF331	-0.355	0.6387	1.027	0.421	0.49	0.4766
CHD8	-0.807	0.7903	-0.646	0.484	0.491	0.4807
FOXO3	-0.476	0.6828	-0.921	0.475	0.493	0.4847
BRD3	-0.803	0.7891	-1.549	0.52	0.495	0.4896
ZFP64	-0.442	0.6707	-0.171	0.449	0.496	0.4912
HSF1	-0.462	0.6779	-1.449	0.487	0.496	0.4912
HDGF	-1.229	0.8905	-0.702	0.518	0.498	0.4952
CBX6	-0.15	0.5595	-0.917	0.453	0.499	0.4976
IKZF2	-0.112	0.5447	-0.369	0.438	0.499	0.4976
IRAK4	0.15	0.4405	-1.019	0.445	0.499	0.4985
ZMYND8	-0.211	0.5836	-1.373	0.466	0.5	0.4993
BCAT1	-0.242	0.5954	0.154	0.43	0.5	0.4993
DPF2	-0.542	0.7062	0.201	0.443	0.501	0.5017
TRIM24	-0.359	0.64	-0.415	0.451	0.501	0.5025
TTF2	-0.319	0.6252	-0.873	0.459	0.501	0.5033
HNF4G	-0.538	0.7049	0.375	0.436	0.505	0.5114
ZNF554	-0.175	0.5696	-0.05	0.429	0.505	0.5114
ZSCAN16	-0.753	0.7743	-1.453	0.496	0.505	0.5122
KDM4C	0.15	0.4403	-1.243	0.445	0.506	0.513
ADNP	-0.189	0.5751	-0.302	0.436	0.506	0.513
ZNF674	0.111	0.4558	-0.991	0.443	0.507	0.5162
ZNF765	-0.381	0.6484	0.792	0.42	0.508	0.5179
ZNF605	-0.315	0.6234	0.43	0.423	0.508	0.5179
PAX6	-1.046	0.8523	-0.329	0.478	0.508	0.5187
ZNF664	-0.262	0.6034	-0.221	0.434	0.509	0.5211
CAMTA2	-0.233	0.5922	0.074	0.426	0.51	0.5219
MBD4	-0.107	0.5427	-0.382	0.432	0.51	0.5235
RYBP	-0.158	0.5626	-1.522	0.463	0.511	0.5251
ZNF611	-0.068	0.5273	-0.53	0.434	0.512	0.5276
INTS11	0.12	0.4523	-1.299	0.445	0.513	0.5284
MTA3	-1.355	0.9123	-1.432	0.545	0.513	0.53
ZFX	-0.431	0.6669	-0.957	0.461	0.514	0.5308
ZNF343	0.113	0.4549	-1.267	0.443	0.515	0.534
SMARCC2	-0.095	0.5377	-0.565	0.434	0.516	0.5356
ZBTB17	-0.635	0.73740000000000006	-1.087	0.47	0.518	0.5397
PRDM11	-0.316	0.624	-1.455	0.464	0.518	0.5405
ARID5B	-0.138	0.5551	-0.5	0.431	0.52	0.5445
ZNF563	-0.385	0.6499	0.447	0.419	0.52	0.5453
ETV1	-0.352	0.6376	-1.148	0.456	0.521	0.5469
HDAC1	-0.988	0.8383	-1.656	0.524	0.522	0.5493
ZNF44	-0.141	0.5559	-0.523	0.43	0.523	0.5517
BRPF3	0.102	0.4595	-1.485	0.446	0.523	0.5517
EGR2	-0.303	0.619	-0.747	0.444	0.524	0.5541
SMARCA5	-0.557	0.7114	-0.073	0.438	0.524	0.5541
ZNF788	-0.503	0.6925	0.064	0.432	0.525	0.5565
ZNF800	-0.496	0.6902	0.434	0.422	0.527	0.5598
AHR	-1.009	0.8436	0.369	0.446	0.527	0.5606
USF2	-0.911	0.8188	-1.704	0.508	0.528	0.5622
PR	-3.191	0.9993	0.218	0.515	0.531	0.5694
SIRT6	-0.338	0.6321	0.008	0.422	0.533	0.5734
ESRRA	-0.683	0.7528	-1.384	0.471	0.534	0.5766
ZNF366	-0.316	0.6239	-0.895	0.44	0.537	0.5837
ZNF35	-0.171	0.5677	-0.682	0.429	0.538	0.5845
HDAC6	-0.678	0.7512	-1.223	0.463	0.539	0.5869
EHMT2	-1.875	0.9696	0.168	0.484	0.541	0.5909
MYF5	-0.285	0.6123	-0.408	0.424	0.543	0.5956
POLR2M	-0.643	0.74	-1.787	0.484	0.543	0.5964
ZNF618	-0.287	0.613	-0.384	0.424	0.543	0.5964
YBX1	-1.112	0.8668	0.922	0.426	0.548	0.6067
ZNF786	-0.077	0.5306	-1.334	0.434	0.549	0.609
NBN	-1.317	0.906	-0.973	0.485	0.55	0.6122
FEZF1	-0.565	0.7141	-0.208	0.426	0.552	0.6153
ZNF573	-0.528	0.7014	0.273	0.412	0.554	0.6192
SPDEF	-0.966	0.8331	-1.256	0.468	0.555	0.6231
CHD7	-0.961	0.8318	-0.762	0.456	0.56	0.6324
BCL3	-2.03	0.9788	-1.298	0.537	0.561	0.6347
E2F5	-0.309	0.6214	-1.028	0.43	0.562	0.6371
CCNT2	-0.184	0.573	-1.289	0.429	0.564	0.6425
ZNF175	-0.976	0.8356	0.126	0.43	0.566	0.6455
ARID2	-0.361	0.641	-1.62	0.449	0.567	0.6471
ZNF93	-0.373	0.6455	-0.505	0.42	0.567	0.6486
ZBTB40	-1.805	0.9645	-1.838	0.568	0.568	0.6501
TAF1	-1.055	0.8544	-1.693	0.486	0.57	0.6539
MXI1	-0.771	0.7797	-2.291	0.513	0.57	0.6547
ZNF778	-0.607	0.728	-0.681	0.433	0.571	0.6562
BACH1	-0.897	0.8152	-0.845	0.445	0.572	0.6577
ZNF263	-0.463	0.6785	-1.323	0.439	0.573	0.66
PTTG1	-0.789	0.785	0.288	0.411	0.574	0.6623
KLF6	-0.199	0.5788	-1.409	0.428	0.575	0.6645
MECP2	-0.543	0.7065	-1.678	0.455	0.576	0.666
ZNF320	-0.854	0.8034	0.196	0.416	0.576	0.6668
TFAP2C	-1.391	0.9179	-0.279	0.453	0.577	0.6683
MBD1	-0.436	0.6685	-1.465	0.439	0.578	0.6706
ESR1	-16.455	1	-0.308	0.501	0.579	0.6736
ZNF318	-0.924	0.8224	-0.472	0.433	0.581	0.6773
INTS3	-0.177	0.5703	-1.563	0.429	0.582	0.6788
MYC	-4.029	1	-1.665	0.577	0.582	0.6795
PRDM10	-0.328	0.6286	-1.308	0.427	0.582	0.6803
OSR2	-0.692	0.7556	-0.484	0.424	0.583	0.6825
MBD2	-1.645	0.95	-1.839	0.532	0.585	0.6855
NFYB	-1.119	0.8684	-1.374	0.462	0.585	0.6862
LMTK3	-0.986	0.8379	0.033	0.421	0.589	0.6935
ZNF354C	-0.821	0.7943	0.451	0.396	0.593	0.7023
GLIS1	-0.778	0.7817	-1.306	0.438	0.596	0.7073
MED1	-4.097	1	-1.855	0.581	0.596	0.7088
ASH1L	-0.312	0.6224	-1.448	0.423	0.597	0.7095
CREM	-0.979	0.8363	-0.862	0.438	0.597	0.7102
ZNF134	-0.564	0.7138	-0.431	0.41	0.599	0.7131
MKL1	-0.398	0.6547	-1.182	0.419	0.6	0.7166
ZNF547	-0.988	0.8383	-1.553	0.455	0.603	0.7216
ZNF707	-1.191	0.8832	0.269	0.415	0.603	0.7223
PTRF	-0.97	0.8341	0.226	0.407	0.603	0.7223
SOX9	-0.854	0.8035	-1.718	0.454	0.604	0.7237
ZNF589	-0.629	0.7355	-0.984	0.423	0.604	0.7244
KDM5C	-0.65	0.7421	-1.614	0.439	0.605	0.7251
PLRG1	-1.165	0.8779	0.658	0.406	0.605	0.7251
ZNF600	-0.454	0.6751	-1.368	0.424	0.605	0.7258
POLR2A	-18.108	1	-1.826	0.57	0.606	0.7286
PPARG	-3.544	0.9998	-1.086	0.503	0.608	0.7314
BPTF	-0.275	0.6085	-1.692	0.424	0.609	0.7328
STAT2	-1.073	0.8583	-1.317	0.447	0.61	0.7349
CD59	-0.537	0.7042	-0.782	0.411	0.61	0.7363
ZNF217	-0.814	0.7923	0.033	0.396	0.613	0.7411
SOX13	-0.746	0.7722	-0.688	0.416	0.614	0.7431
PITX3	-0.663	0.7462	-0.47	0.405	0.615	0.7445
CDK6	-0.349	0.6364	-1.594	0.421	0.615	0.7452
ZC3H8	-0.872	0.8085	-1.381	0.434	0.617	0.7486
ZNF467	-0.427	0.6653	-1.43	0.417	0.617	0.7493
HHEX	-0.94	0.8264	-0.19	0.406	0.619	0.7519
RFX5	-1.207	0.8864	-2.09	0.485	0.62	0.754
LEF1	-1.086	0.8612	-1.541	0.45	0.62	0.754
SIX1	-0.982	0.8369	-0.505	0.419	0.62	0.754
GTF3C5	-0.273	0.6075	-1.981	0.431	0.621	0.7566
HDAC2	-1.386	0.9171	-2.548	0.534	0.622	0.7586
REST	-7.683	1	-0.379	0.471	0.622	0.7586
ZNF292	-0.906	0.8176	0.152	0.391	0.622	0.7586
TCOF1	-0.396	0.6539	-1.593	0.419	0.624	0.7619
GATAD2B	-1.427	0.9232	-1.758	0.474	0.625	0.7639
GABPA	-2.308	0.9895	-1.629	0.503	0.625	0.7646
EGLN2	-0.446	0.6723	-1.458	0.416	0.625	0.7646
SON	-0.661	0.7458	-0.722	0.405	0.629	0.7704
DDX20	-1.298	0.9029	-0.641	0.432	0.629	0.7704
ZBTB42	-0.621	0.7325	-0.932	0.407	0.63	0.7724
BRD1	-0.338	0.6323	-1.768	0.422	0.63	0.7724
NEUROG2	-1.641	0.9496	0.021	0.427	0.631	0.7749
NFATC3	-0.498	0.6906	-1.409	0.413	0.631	0.7749
TEAD2	-0.997	0.8406	-0.305	0.408	0.632	0.7756
POLR2H	-0.688	0.7541	-1.195	0.414	0.633	0.7788
NR5A2	-1.371	0.9148	-0.158	0.418	0.634	0.7801
CHAMP1	-0.799	0.788	-1.212	0.417	0.635	0.7813
E2F2	-0.669	0.7483	-0.885	0.405	0.636	0.7838
SCML2	-0.716	0.7629	-1.685	0.428	0.638	0.7876
ZNF483	-0.458	0.6767	-1.622	0.415	0.641	0.7925
ZEB2	-0.956	0.8305	-1.564	0.43	0.644	0.7968
SF1	-0.996	0.8403	0.143	0.386	0.644	0.7968
SETDB1	-2.799	0.9974	-0.938	0.465	0.646	0.8011
E2F6	-0.771	0.7798	-2.045	0.442	0.648	0.8035
ZBTB6	-0.892	0.8139	-1.56	0.424	0.648	0.8041
UBTF	-0.863	0.8059	-1.919	0.439	0.648	0.8046
MEF2D	-0.988	0.8383	-0.54	0.405	0.65	0.807
ZNF584	-0.933	0.8245	-1.2	0.416	0.65	0.8076
MORC2	-1.415	0.9215	-1.535	0.447	0.65	0.8076
ZNF768	-0.928	0.8233	-0.327	0.39	0.651	0.8082
HIC1	-0.545	0.707	-1.874	0.424	0.652	0.81
ZNF121	-1.029	0.8482	-1.67	0.435	0.653	0.8117
HAND2	-0.998	0.8408	-0.081	0.386	0.654	0.8129
HEXIM1	-0.932	0.8244	-2.226	0.456	0.655	0.8146
YY1	-4.054	1	-1.939	0.514	0.656	0.8169
MAPK1	-0.806	0.7898	-2.034	0.438	0.657	0.8186
KLF12	-0.488	0.6874	-1.752	0.414	0.659	0.8214
ZNF585B	-1.205	0.886	-0.263	0.399	0.66	0.8237
ZNF488	-1.248	0.894	-0.208	0.398	0.662	0.8259
PPARD	-0.665	0.7471	-1.463	0.405	0.663	0.8276
ASCL1	-3.949	1	-0.317	0.445	0.663	0.8281
PBX2	-1.685	0.954	-1.544	0.453	0.664	0.8298
ZNF287	-1.123	0.8694	0.109	0.378	0.666	0.832
NEUROD1	-2.121	0.983	-0.845	0.445	0.666	0.8325
E2F1	-5.68	1	-2.108	0.526	0.67	0.8384
ZNF8	-1.464	0.9284	-0.92	0.424	0.67	0.8389
ZBTB26	-0.709	0.7608	-2.277	0.441	0.671	0.8394
HOXA4	-0.43	0.6663	-2.044	0.417	0.673	0.842
ZNF438	-0.924	0.8222	-1.578	0.415	0.673	0.8426
HMGN3	-0.488	0.6871	-1.973	0.414	0.675	0.8457
PAF1	-2.31	0.9896	-1.639	0.466	0.675	0.8462
IRF9	-1.229	0.8904	-0.413	0.396	0.676	0.8467
ASH2L	-1.232	0.891	-0.542	0.401	0.677	0.8477
KAT7	-0.501	0.6918	-1.968	0.413	0.678	0.8492
POLR2B	-1.123	0.8694	-1.756	0.43	0.678	0.8492
TAF3	-0.594	0.7239	-1.812	0.408	0.678	0.8502
ZKSCAN5	-0.386	0.6503	-2.2	0.419	0.68	0.8527
GLYR1	-0.418	0.662	-2.144	0.418	0.681	0.8542
CREB1	-3.372	0.9996	-2.435	0.54	0.682	0.8547
ZBTB48	-2.174	0.9851	-0.693	0.435	0.682	0.8552
RB1	-1.959	0.9749	-1.84	0.465	0.683	0.8562
SP7	-0.551	0.7093	-2.087	0.42	0.683	0.8562
SUPT5H	-2.117	0.9829	-1.823	0.466	0.683	0.8571
NCAPG2	-1.13	0.8707	-0.256	0.378	0.684	0.8576
H2AFX	-1.811	0.9649	-0.392	0.419	0.684	0.8581
ZSCAN20	-0.891	0.8135	-1.617	0.407	0.684	0.8586
XBP1	-1.67	0.9525	-1.57	0.443	0.684	0.8586
E2F4	-2.156	0.9845	-1.99	0.475	0.686	0.8605
PYGO2	-1.242	0.8929	-0.514	0.393	0.686	0.8605
E2F3	-0.538	0.7045	-1.981	0.411	0.686	0.8605
FOXM1	-5.362	1	-2.552	0.545	0.686	0.861
FOXK1	-1.485	0.9312	-0.845	0.414	0.688	0.8629
ZNF558	-0.999	0.841	-1.65	0.416	0.688	0.8634
ORC1	-0.773	0.7803	-1.602	0.399	0.688	0.8639
PHF2	-0.758	0.7759	-1.928	0.414	0.689	0.8648
ZNF644	-1.051	0.8533	-1.488	0.409	0.691	0.8671
HMGN1	-0.787	0.7844	-1.611	0.398	0.692	0.868
MAFB	-0.877	0.8099	-1.43	0.393	0.692	0.868
ID3	-0.941	0.8268	-1.572	0.406	0.692	0.8685
GTF2F1	-1.3	0.9032	-2.265	0.457	0.692	0.8685
ZNF138	-1.074	0.8586	-0.555	0.381	0.692	0.8685
ZBTB33	-3.191	0.9993	-2.113	0.493	0.694	0.8713
WDR5	-1.295	0.9023	-2.145	0.45	0.694	0.8713
APOBEC3B	-0.957	0.8307	-1.113	0.389	0.694	0.8713
BTAF1	-0.861	0.8055	-1.513	0.394	0.695	0.8722
ARRB1	-1.3	0.9032	-0.571	0.393	0.696	0.8731
AGO1	-1.239	0.8923	-1.057	0.404	0.696	0.874
ZNF335	-0.473	0.682	-2.412	0.425	0.696	0.874
ZNF143	-3.317	0.9995	-2.268	0.506	0.697	0.8744
ZNF610	-1.199	0.8847	-2.469	0.458	0.697	0.8753
FAM208A	-0.923	0.8221	-1.787	0.409	0.7	0.8779
ELK3	-0.758	0.7757	-1.749	0.4	0.7	0.8779
ZNF48	-1.294	0.9022	-0.214	0.364	0.704	0.8836
WHSC1	-1.231	0.8908	-0.938	0.393	0.705	0.8844
TBL1X	-0.567	0.7148	-2.103	0.41	0.706	0.8857
ZNF274	-1.663	0.9519	-0.013	0.384	0.708	0.8877
SPIN1	-0.816	0.7928	-1.733	0.396	0.708	0.8877
ZNF146	-1.36	0.913	-1.605	0.418	0.708	0.8882
ZNF16	-1.509	0.9344	-0.831	0.402	0.709	0.8886
CREB3L4	-1.042	0.8512	-1.194	0.384	0.712	0.8922
EMX1	-0.947	0.8283	-2.437	0.437	0.712	0.893
ZNF197	-0.994	0.84	-1.71	0.403	0.715	0.8962
ZNF671	-0.78	0.7822	-1.914	0.399	0.716	0.8966
BRCA1	-2.333	0.9902	-2.096	0.467	0.718	0.899
KLF1	-1.821	0.9657	-2.664	0.479	0.72	0.9009
LRWD1	-1.43	0.9237	-0.044	0.347	0.72	0.9009
POU2F1	-1.4	0.9192	-0.22	0.352	0.72	0.9016
DNMT3B	-2.05	0.9798	-1.731	0.441	0.721	0.902
BCL11B	-1.649	0.9504	-1.728	0.428	0.724	0.9054
SP4	-0.937	0.8256	-2.387	0.428	0.725	0.9065
ZNF394	-0.601	0.7262	-2.659	0.421	0.727	0.9079
AFF4	-2.494	0.9937	-1.864	0.452	0.727	0.9087
ZNF711	-0.933	0.8245	-1.733	0.39	0.728	0.9097
BRD2	-2.128	0.9833	-2.121	0.459	0.729	0.9105
ZKSCAN1	-1.868	0.9691	-1.887	0.439	0.731	0.9122
HES1	-1.509	0.9343	-1.549	0.409	0.732	0.9133
ASXL1	-0.6	0.7256	-2.313	0.408	0.732	0.9136
ZXDC	-1.147	0.8744	-1.278	0.376	0.733	0.9147
ZNF701	-1.122	0.8691	-1.402	0.378	0.734	0.9154
DROSHA	-0.858	0.8047	-2.551	0.423	0.736	0.9171
SOX10	-1.343	0.9103	-0.613	0.358	0.736	0.9171
SIN3A	-2.227	0.987	-2.371	0.471	0.736	0.9174
ZKSCAN8	-1.313	0.9054	-1.562	0.396	0.738	0.9187
GATAD1	-1.405	0.92	-1.916	0.418	0.738	0.9191
ZNF430	-1.442	0.9253	-0.383	0.346	0.739	0.9201
AEBP2	-1.624	0.9478	-0.852	0.388	0.742	0.9224
ZNF189	-0.599	0.7255	-2.508	0.408	0.742	0.9227
ZMIZ1	-1.026	0.8475	-1.974	0.402	0.742	0.9227
ETS2	-1.743	0.9593	-1.747	0.424	0.742	0.923
ZNF682	-0.916	0.8201	-2.258	0.412	0.743	0.9233
PRAME	-0.842	0.8	-2.067	0.395	0.743	0.924
ZFP37	-0.646	0.741	-2.84	0.417	0.744	0.9243
SREBF1	-2.187	0.9856	-2.057	0.448	0.745	0.9252
ZIC2	-1.035	0.8497	-1.707	0.384	0.745	0.9256
ORC2	-1.033	0.8492	-1.713	0.384	0.746	0.9259
RAD51	-1.743	0.9593	-1.29	0.404	0.748	0.9277
CENPC	-1.595	0.9447	-0.219	0.317	0.748	0.9277
ZBTB7A	-2.037	0.9792	-2.354	0.458	0.749	0.9287
ZNF207	-2.528	0.9943	-0.302	0.391	0.749	0.9287
GABP	-1.161	0.8771	-2.135	0.414	0.75	0.9296
DPF1	-1.184	0.8818	-2.203	0.417	0.75	0.9299
ZFP41	-1.756	0.9605	-0.438	0.372	0.751	0.9302
RPE	-1.582	0.9431	-1.9	0.418	0.752	0.9317
SIX4	-1.512	0.9347	-0.491	0.334	0.753	0.932
KLF8	-0.851	0.8027	-2.674	0.416	0.755	0.9337
HEY1	-1.051	0.8533	-2.299	0.416	0.756	0.9349
CHD1	-3.125	0.9991	-2.307	0.463	0.758	0.936
CBFA2T2	-1.133	0.8714	-1.673	0.377	0.758	0.9366
ZNF692	-0.751	0.7736	-2.863	0.412	0.759	0.9369
BANP	-1.601	0.9453	-1.498	0.394	0.759	0.9372
CTBP2	-1.328	0.9079	-2.429	0.429	0.759	0.9372
GRHL1	-1.314	0.9056	-1.3	0.362	0.76	0.938
POLR2AphosphoS5	-1.512	0.9347	-2.193	0.425	0.761	0.9386
NRF1	-4.82	1	-2.225	0.458	0.766	0.9421
TSHZ1	-1.144	0.8737	-2.079	0.4	0.766	0.9426
C17orf49	-1.014	0.8447	-2.245	0.405	0.767	0.9434
GPS2	-0.813	0.7918	-2.399	0.396	0.77	0.9452
CREB3	-1.551	0.9395	-1.445	0.381	0.77	0.9455
KAT5	-1.854	0.9681	-1.789	0.414	0.772	0.9468
AUTS2	-0.927	0.8229	-2.227	0.391	0.774	0.9478
NR2C2	-3.795	0.9999	-2.041	0.44	0.776	0.9495
HOXA6	-0.965	0.8328	-2.164	0.388	0.778	0.9507
ZNF528	-0.731	0.7677	-3.029	0.401	0.78	0.9519
GTF2A2	-1.364	0.9138	-1.532	0.356	0.78	0.9521
NONO	-2.033	0.979	-0.557	0.358	0.78	0.9524
KMT2D	-3.213	0.9993	-1.912	0.429	0.781	0.9528
ZNF837	-1.685	0.954	-1.598	0.39	0.783	0.9542
ZXDB	-0.934	0.8249	-2.823	0.406	0.784	0.9544
HLTF	-1.421	0.9223	-1.853	0.389	0.784	0.9547
MRE11A	-1.414	0.9213	-1.946	0.391	0.785	0.9556
ZBTB8A	-0.964	0.8325	-2.775	0.406	0.786	0.9558
CTBP1	-1.902	0.9714	-1.535	0.392	0.786	0.956
USP49	-1.689	0.9544	-0.634	0.275	0.788	0.9569
ZSCAN29	-1.391	0.9179	-2.096	0.4	0.788	0.9571
ATF1	-2.799	0.9974	-2.225	0.439	0.789	0.9575
INO80	-2.3	0.9893	-2.225	0.435	0.789	0.9578
FOXG1	-1.243	0.893	-1.845	0.369	0.791	0.9588
TFDP1	-2.191	0.9858	-1.992	0.421	0.793	0.9599
RBBP5	-2.138	0.9837	-2.544	0.441	0.794	0.9605
IRAK1	-0.93	0.8237	-2.454	0.39	0.795	0.9611
CBX1	-1.259	0.896	-2.573	0.412	0.795	0.9613
ZNF639	-2.241	0.9875	-2.101	0.426	0.795	0.9613
ELK1	-3.233	0.9994	-1.975	0.425	0.796	0.9619
ZFP2	-1.04	0.8509	-3.149	0.41	0.797	0.9623
ZNF101	-1.398	0.919	-3.231	0.425	0.797	0.9623
GLIS2	-1.069	0.8575	-2.737	0.406	0.797	0.9623
ETV7	-1.273	0.8984	-1.885	0.366	0.797	0.9625
L3MBTL4	-0.946	0.828	-2.449	0.389	0.799	0.9633
IRF3	-1.694	0.9549	-1.906	0.397	0.799	0.9635
TGIF2	-1.185	0.8821	-2.641	0.406	0.8	0.9639
GREB1	-3.156	0.9992	-0.64	0.367	0.8	0.9641
SETX	-0.913	0.8193	-2.696	0.391	0.801	0.9645
NELFE	-5.93	1	-2.164	0.437	0.802	0.9649
ZNF24	-2.23	0.9871	-2.099	0.423	0.802	0.9649
E2F8	-1.201	0.8852	-2.05	0.372	0.802	0.9651
ZNF260	-1.261	0.8964	-1.974	0.367	0.803	0.9656
ZNF83	-1.497	0.9329	-2.179	0.402	0.803	0.9658
MIER1	-1.511	0.9346	-1.996	0.389	0.806	0.9671
FXR1	-1.21	0.8869	-2.049	0.371	0.806	0.9671
ZNF740	-1.427	0.9232	-2.284	0.404	0.808	0.968
THAP1	-1.056	0.8544	-2.284	0.383	0.808	0.968
ZNF239	-1.65	0.9505	-1.762	0.381	0.809	0.9686
ZNF414	-1.093	0.8629	-3.339	0.406	0.809	0.9686
ZSCAN2	-1.573	0.9422	-1.512	0.322	0.81	0.9689
WT1	-1.126	0.8699	-2.681	0.398	0.812	0.97
RARG	-2.031	0.9789	-1.63	0.384	0.812	0.9701
CBX4	-0.907	0.8178	-3.368	0.391	0.812	0.9703
MBTD1	-1.043	0.8514	-2.406	0.384	0.814	0.9711
ZNF501	-1.122	0.8691	-3.435	0.404	0.817	0.9723
DLX1	-1.276	0.8991	-2.078	0.366	0.819	0.9731
FOXD2	-1.226	0.89	-2.159	0.37	0.819	0.9734
MYCN	-2.725	0.9968	-2.333	0.429	0.82	0.9736
TAF7	-2.486	0.9935	-2.275	0.425	0.82	0.9736
HINFP	-1.575	0.9423	-2.163	0.393	0.82	0.9737
NCOA1	-1.694	0.9549	-1.836	0.378	0.82	0.9739
SP3	-1.186	0.8822	-2.877	0.399	0.821	0.9741
SREBF2	-1.363	0.9135	-1.987	0.356	0.821	0.9742
HCFC1	-3.205	0.9993	-2.235	0.425	0.821	0.9744
KLF3	-1.456	0.9274	-1.831	0.343	0.821	0.9744
KLF9	-1.759	0.9607	-2.475	0.419	0.822	0.9745
ZNF695	-0.968	0.8334	-2.984	0.388	0.822	0.9748
FOXJ2	-1.606	0.9458	-1.981	0.38	0.823	0.975
ZNF350	-1.202	0.8853	-2.253	0.372	0.824	0.9754
HJURP	-1.575	0.9424	-1.692	0.322	0.826	0.9762
CDC5L	-1.841	0.9672	-1.692	0.366	0.826	0.9762
ZFP69B	-1.205	0.8859	-3.366	0.402	0.826	0.9763
KLF11	-1.494	0.9324	-2.861	0.411	0.827	0.9768
MCM7	-2.543	0.9945	-1.255	0.355	0.828	0.9771
MBOAT4	-1.139	0.8726	-2.372	0.377	0.829	0.9773
SMAD5	-1.837	0.9669	-1.867	0.379	0.829	0.9775
ZNF518A	-1.328	0.9079	-2.6	0.396	0.829	0.9776
BARX1	-1.409	0.9205	-2.013	0.351	0.831	0.9783
RAC3	-1.523	0.9361	-1.867	0.332	0.833	0.9789
MCRS1	-1.216	0.8881	-2.287	0.371	0.833	0.979
GTF2E2	-1.381	0.9164	-2.076	0.354	0.834	0.9793
YBX3	-1.958	0.9749	-1.69	0.361	0.835	0.9797
ZNF580	-1.285	0.9006	-2.756	0.392	0.836	0.9801
INSM2	-1.311	0.9052	-2.72	0.392	0.837	0.9805
FGFR1	-1.525	0.9364	-2.624	0.4	0.839	0.9812
NCAPG	-2.677	0.9963	-1.713	0.379	0.842	0.9822
SIX5	-2.886	0.998	-2.095	0.405	0.842	0.9823
GTF2B	-4.135	1	-2.079	0.41	0.843	0.9826
PPARGC1A	-1.331	0.9084	-2.236	0.36	0.844	0.9828
MCM3	-1.925	0.9729	-1.769	0.36	0.844	0.9829
MYNN	-2.086	0.9815	-2.93	0.422	0.844	0.9831
KAT8	-2.189	0.9857	-1.958	0.384	0.844	0.9831
CSDE1	-2.3	0.9893	-1.951	0.387	0.845	0.9832
NPAT	-1.28	0.8996	-2.318	0.365	0.845	0.9834
SNAPC1	-1.716	0.957	-1.676	0.249	0.845	0.9834
ZNF623	-1.408	0.9204	-2.69	0.389	0.849	0.9845
HBP1	-1.436	0.9245	-2.674	0.391	0.85	0.9848
ZNF280D	-1.407	0.9203	-2.663	0.387	0.851	0.9851
NFAT5	-1.553	0.9397	-2.028	0.326	0.853	0.9857
PHF8	-4.013	1	-2.211	0.409	0.854	0.986
CASP8AP2	-1.57	0.9418	-2.024	0.322	0.854	0.986
PATZ1	-1.608	0.9461	-3.07	0.403	0.856	0.9864
CSNK2A1	-1.428	0.9233	-2.218	0.348	0.856	0.9864
ZBTB11	-3.071	0.9989	-2.392	0.415	0.856	0.9865
GMEB1	-1.73	0.9582	-1.757	0.202	0.856	0.9865
RBL2	-3.584	0.9998	-2.035	0.396	0.858	0.987
ZNF131	-1.716	0.9569	-1.824	0.25	0.858	0.987
ELF2	-1.728	0.958	-1.811	0.212	0.858	0.9871
NFYA	-3.152	0.9992	-2.143	0.4	0.858	0.9872
COPS2	-1.365	0.9139	-2.327	0.356	0.859	0.9873
ZNF18	-1.919	0.9725	-2.87	0.411	0.86	0.9875
ZBTB1	-1.598	0.945	-2.526	0.387	0.86	0.9876
ZNF574	-1.205	0.8859	-3.055	0.372	0.86	0.9877
FOXK2	-3.146	0.9992	-2.112	0.396	0.861	0.988
BARX2	-1.712	0.9566	-1.868	0.254	0.862	0.9881
RBCK1	-1.675	0.953	-1.963	0.287	0.862	0.9882
OGT	-2.537	0.9944	-2.302	0.405	0.863	0.9884
EMSY	-1.688	0.9543	-1.939	0.277	0.863	0.9884
KLF17	-1.41	0.9208	-3.437	0.389	0.863	0.9885
RUVBL1	-1.509	0.9343	-2.214	0.334	0.863	0.9885
NFYC	-1.634	0.9489	-2.032	0.304	0.863	0.9885
ARNTL	-2.376	0.9912	-2.063	0.385	0.864	0.9887
DIDO1	-1.957	0.9748	-2.013	0.363	0.864	0.9887
NELFA	-4.772	1	-2.056	0.393	0.866	0.9893
DEAF1	-1.563	0.941	-2.143	0.324	0.867	0.9893
HOXA1	-1.666	0.9521	-2.009	0.291	0.867	0.9895
ZNF75A	-1.711	0.9565	-1.966	0.255	0.868	0.9896
TDRD3	-1.646	0.9501	-2.039	0.3	0.868	0.9898
ELL2	-3.852	0.9999	-2.287	0.406	0.869	0.9899
ZNF341	-1.645	0.95	-3.117	0.396	0.87	0.99
PTPN11	-1.368	0.9143	-2.508	0.356	0.87	0.99
RBP2	-1.692	0.9547	-1.978	0.273	0.87	0.99
ZNF592	-2.143	0.9839	-1.899	0.335	0.87	0.9902
MXD3	-1.681	0.9536	-2.013	0.282	0.871	0.9903
ZNF76	-2.367	0.991	-2.826	0.413	0.872	0.9905
KRAB	-2.943	0.9984	-2.065	0.382	0.874	0.9909
KDM4B	-1.801	0.9642	-2.337	0.381	0.875	0.9911
TRRAP	-1.904	0.9715	-2.204	0.371	0.875	0.9912
ASCL2	-1.451	0.9266	-2.375	0.344	0.876	0.9914
HDAC8	-2.285	0.9888	-2.078	0.372	0.876	0.9915
NFRKB	-2.102	0.9822	-1.992	0.345	0.876	0.9915
ZBTB10	-1.643	0.9498	-2.128	0.301	0.878	0.9918
RFX2	-1.572	0.942	-2.24	0.322	0.878	0.9919
ZNF423	-1.613	0.9466	-2.766	0.382	0.879	0.992
VEZF1	-1.889	0.9706	-2.31	0.378	0.881	0.9924
ZNF346	-1.512	0.9347	-3.553	0.383	0.881	0.9924
TET1	-1.426	0.9231	-2.64	0.348	0.882	0.9926
ARNT2	-1.552	0.9396	-2.293	0.326	0.883	0.9927
CCDC101	-2.043	0.9795	-2.159	0.361	0.884	0.9929
ZBTB7B	-1.631	0.9485	-2.232	0.305	0.884	0.993
RFX1	-3.409	0.9997	-2.42	0.403	0.884	0.993
NKRF	-1.992	0.9768	-2.271	0.372	0.885	0.9932
SP2	-2.466	0.9932	-2.715	0.404	0.885	0.9932
ATOH1	-1.535	0.9376	-2.356	0.329	0.886	0.9933
FEV	-1.636	0.9491	-2.241	0.304	0.887	0.9935
PRDM2	-1.611	0.9464	-2.903	0.378	0.888	0.9937
AGO2	-1.486	0.9313	-2.583	0.338	0.889	0.9938
DDX21	-2.087	0.9816	-2.108	0.344	0.889	0.9938
ELK4	-3.162	0.9992	-1.977	0.351	0.889	0.9939
KDM3A	-1.861	0.9686	-2.338	0.369	0.889	0.9939
EPC1	-2.373	0.9912	-1.923	0.303	0.89	0.994
KLF13	-2.047	0.9797	-2.22	0.357	0.891	0.9942
MNT	-2.226	0.987	-2.277	0.377	0.892	0.9944
MEN1	-2.101	0.9822	-2.113	0.34	0.892	0.9944
WDHD1	-1.903	0.9715	-2.273	0.359	0.892	0.9944
GMEB2	-2.336	0.9902	-1.977	0.316	0.893	0.9944
ZNF71	-1.794	0.9636	-3.087	0.386	0.895	0.9949
OVOL3	-1.903	0.9715	-2.355	0.365	0.897	0.995
ZNF391	-1.739	0.959	-3.108	0.381	0.899	0.9954
ZNF641	-1.872	0.9694	-2.452	0.364	0.901	0.9956
ZNF792	-1.674	0.9529	-3.124	0.375	0.901	0.9956
ZSCAN5A	-1.833	0.9666	-2.64	0.369	0.901	0.9956
CPSF3L	-2.483	0.9935	-2.33	0.379	0.902	0.9957
ZNF324	-1.932	0.9733	-3.33	0.387	0.904	0.996
ZSCAN23	-1.777	0.9622	-2.914	0.375	0.905	0.9962
ZNF281	-1.528	0.9368	-2.856	0.33	0.905	0.9962
THAP11	-1.545	0.9388	-2.787	0.328	0.906	0.9962
KLF10	-2.191	0.9858	-2.258	0.348	0.906	0.9962
KDM5A	-3.396	0.9997	-1.967	0.287	0.906	0.9963
DCP1A	-2.212	0.9865	-2.23	0.337	0.908	0.9965
ZNF264	-2.208	0.9864	-2.708	0.382	0.908	0.9965
ZSCAN22	-2.225	0.987	-2.55	0.376	0.91	0.9967
GLI4	-1.885	0.9703	-2.652	0.362	0.91	0.9967
KLF7	-1.864	0.9688	-3.038	0.368	0.916	0.9973
POU3F2	-2.343	0.9904	-2.181	0.296	0.918	0.9975
TAFII	-2.257	0.988	-2.281	0.33	0.919	0.9976
EP400	-1.619	0.9472	-2.978	0.31	0.92	0.9977
ZNF687	-2.088	0.9816	-2.469	0.341	0.921	0.9978
XRN2	-4.184	1	-2.562	0.383	0.923	0.9979
U2AF1	-3.079	0.999	-2.249	0.334	0.924	0.998
SRSF3	-2.326	0.99	-2.446	0.301	0.939	0.999
SAP30	-3.22	0.9994	-2.768	0.367	0.941	0.9991
