"TF_Name","MORA","HOMER","AME","PSCAN","BART2","LISA2","Num_Yes","Conf_lvl_ranks"
"BCL6",1,1,0,1,1,0,4,1
"IRF1",1,1,1,0,1,0,4,1
"JUND",1,1,0,1,1,0,4,1
"PRDM1",1,1,1,0,1,0,4,1
"STAT3",1,1,0,1,1,0,4,1
"ZNF467",1,1,1,0,1,0,4,1
"ATF2",1,1,0,0,1,0,3,2
"ATF3",1,0,1,0,1,0,3,2
"BATF3",1,0,0,1,1,0,3,2
"CTCF",1,1,0,0,1,0,3,2
"CTCFL",1,0,1,1,0,0,3,2
"E2F6",1,1,1,0,0,0,3,2
"EGR3",0,0,1,1,1,0,3,2
"FOS",1,0,0,1,1,0,3,2
"FOSB",1,0,1,1,0,0,3,2
"FOSL1",1,0,0,1,1,0,3,2
"FOXA2",0,1,1,0,1,0,3,2
"FOXH1",1,1,0,0,1,0,3,2
"GATA1",1,1,0,0,1,0,3,2
"GATA3",1,1,0,0,1,0,3,2
"GLIS1",1,0,1,0,1,0,3,2
"HOXB13",1,1,0,0,1,0,3,2
"IKZF1",1,0,0,1,1,0,3,2
"IRF2",1,1,1,0,0,0,3,2
"IRF4",1,0,1,0,1,0,3,2
"JUN",1,0,0,1,1,0,3,2
"JUNB",0,0,1,1,1,0,3,2
"KLF12",1,0,1,1,0,0,3,2
"LHX2",0,1,0,1,1,0,3,2
"MAZ",0,0,1,1,1,0,3,2
"MEF2A",1,0,1,0,1,0,3,2
"MYF5",0,0,1,1,1,0,3,2
"NFKB1",1,0,0,1,1,0,3,2
"NFKB2",1,0,0,1,1,0,3,2
"PAX3",1,0,0,1,1,0,3,2
"PHOX2A",1,1,0,1,0,0,3,2
"RUNX1",1,0,1,0,1,0,3,2
"STAT1",1,0,0,1,1,0,3,2
"STAT4",1,0,0,1,1,0,3,2
"STAT5A",1,0,0,1,1,0,3,2
"STAT5B",1,0,0,1,1,0,3,2
"TCF12",0,0,1,1,1,0,3,2
"TCF4",0,0,1,1,1,0,3,2
"TCF7L1",1,0,0,1,1,0,3,2
"TEAD4",0,1,0,1,1,0,3,2
"TFAP2A",1,0,0,1,1,0,3,2
"TFAP2C",1,0,0,1,1,0,3,2
"VSX2",1,0,1,1,0,0,3,2
"ZNF100",1,0,1,0,1,0,3,2
"ZNF189",1,1,1,0,0,0,3,2
"ZNF263",1,0,1,0,1,0,3,2
"ZNF382",1,1,0,0,1,0,3,2
"ARGFX",1,0,0,1,0,0,2,3
"ASCL1",0,0,1,1,0,0,2,3
"ASCL2",0,0,1,1,0,0,2,3
"ATF4",1,1,0,0,0,0,2,3
"ATF7",1,1,0,0,0,0,2,3
"ATOH1",1,1,0,0,0,0,2,3
"BACH2",0,0,0,1,1,0,2,3
"BATF",0,0,0,1,1,0,2,3
"BCL11A",0,0,1,0,1,0,2,3
"BHLHA15",1,0,0,1,0,0,2,3
"BHLHE22",1,0,0,1,0,0,2,3
"CDX2",0,1,0,0,1,0,2,3
"CEBPA",0,0,0,1,1,0,2,3
"CEBPB",0,0,0,1,1,0,2,3
"DLX5",1,0,0,1,0,0,2,3
"DRGX",1,0,0,1,0,0,2,3
"E2F1",1,0,1,0,0,0,2,3
"E2F5",1,0,1,0,0,0,2,3
"EBF1",0,1,0,0,1,0,2,3
"EGR1",0,0,1,1,0,0,2,3
"EGR4",0,0,1,1,0,0,2,3
"EHF",1,0,0,0,1,0,2,3
"ELF1",1,0,1,0,0,0,2,3
"ERG",1,0,0,0,1,0,2,3
"FOSL2",0,0,0,1,1,0,2,3
"FOXB1",1,0,1,0,0,0,2,3
"FOXC1",1,0,1,0,0,0,2,3
"FOXD2",1,0,1,0,0,0,2,3
"FOXE1",0,0,1,1,0,0,2,3
"FOXO1",0,0,1,0,1,0,2,3
"FOXP2",0,0,1,1,0,0,2,3
"FOXQ1",1,0,1,0,0,0,2,3
"FOXR2",1,0,1,0,0,0,2,3
"GATA4",0,1,0,0,1,0,2,3
"GATA6",1,0,0,0,1,0,2,3
"GSC",0,0,1,1,0,0,2,3
"HAND2",0,0,1,0,1,0,2,3
"HES2",0,0,1,0,1,0,2,3
"HNF1B",1,0,0,0,1,0,2,3
"HOXA9",0,1,0,0,1,0,2,3
"HOXC9",1,0,0,0,1,0,2,3
"HOXD9",1,0,1,0,0,0,2,3
"HSF1",1,0,1,0,0,0,2,3
"IRF5",1,0,1,0,0,0,2,3
"IRF7",1,0,1,0,0,0,2,3
"IRF8",1,0,1,0,0,0,2,3
"IRF9",1,0,1,0,0,0,2,3
"ISX",1,0,0,1,0,0,2,3
"JDP2",1,0,0,1,0,0,2,3
"KLF1",0,0,1,1,0,0,2,3
"KLF13",0,0,1,1,0,0,2,3
"KLF14",0,0,1,1,0,0,2,3
"KLF15",0,0,1,1,0,0,2,3
"KLF16",0,0,1,1,0,0,2,3
"KLF17",1,0,1,0,0,0,2,3
"KLF2",0,0,1,1,0,0,2,3
"KLF3",1,0,1,0,0,0,2,3
"KLF4",0,0,1,1,0,0,2,3
"KLF5",0,0,1,1,0,0,2,3
"KLF6",0,0,1,1,0,0,2,3
"KLF8",1,0,1,0,0,0,2,3
"KLF9",0,0,1,1,0,0,2,3
"LMX1A",1,0,0,1,0,0,2,3
"LMX1B",1,0,0,1,0,0,2,3
"MAF",0,0,0,1,1,0,2,3
"MAFK",1,0,0,0,1,0,2,3
"MAX",0,0,1,0,1,0,2,3
"MEF2B",1,0,0,0,1,0,2,3
"MEF2C",0,0,1,0,1,0,2,3
"MEF2D",0,1,1,0,0,0,2,3
"MIXL1",1,0,0,1,0,0,2,3
"MYNN",1,0,1,0,0,0,2,3
"MYOG",0,0,0,1,1,0,2,3
"NEUROD1",0,1,0,0,1,0,2,3
"NFAT5",1,0,0,1,0,0,2,3
"NFIC",0,0,0,1,1,0,2,3
"NHLH1",0,0,1,1,0,0,2,3
"NR2C2",1,0,0,1,0,0,2,3
"ONECUT2",1,0,0,1,0,0,2,3
"OSR2",0,0,1,0,1,0,2,3
"OTX2",0,1,0,0,1,0,2,3
"PATZ1",1,0,1,0,0,0,2,3
"PAX6",1,0,0,0,1,0,2,3
"PAX7",1,0,0,1,0,0,2,3
"PHOX2B",1,0,0,0,1,0,2,3
"PITX3",0,0,1,0,1,0,2,3
"POU2F2",1,0,0,0,1,0,2,3
"POU3F1",1,0,1,0,0,0,2,3
"POU6F1",1,0,0,1,0,0,2,3
"PRDM14",1,0,0,0,1,0,2,3
"PRRX2",1,0,0,1,0,0,2,3
"PTF1A",1,0,0,1,0,0,2,3
"RXRG",1,0,0,0,1,0,2,3
"SIX2",0,0,0,1,1,0,2,3
"SMAD3",0,0,0,1,1,0,2,3
"SNAI1",0,0,1,1,0,0,2,3
"SNAI2",0,0,1,0,1,0,2,3
"SNAI3",0,0,1,1,0,0,2,3
"SOX11",0,0,0,1,1,0,2,3
"SOX2",0,1,0,0,1,0,2,3
"SP1",0,0,1,1,0,0,2,3
"SP3",0,0,1,1,0,0,2,3
"SP4",0,0,1,1,0,0,2,3
"SP7",0,0,1,0,1,0,2,3
"SP8",0,0,1,1,0,0,2,3
"SP9",0,0,1,1,0,0,2,3
"SPI1",0,0,1,1,0,0,2,3
"SPIB",1,0,0,0,1,0,2,3
"SRF",1,0,0,0,1,0,2,3
"STAT2",1,0,1,0,0,0,2,3
"TBP",0,0,1,1,0,0,2,3
"TBX5",0,0,1,0,1,0,2,3
"TCF3",1,0,1,0,0,0,2,3
"TCFL5",0,0,1,1,0,0,2,3
"TEAD1",0,0,0,1,1,0,2,3
"TFAP2B",1,0,0,1,0,0,2,3
"TLX1",0,0,0,1,1,0,2,3
"TP53",1,0,0,0,1,0,2,3
"TP73",0,0,1,0,1,0,2,3
"WT1",0,0,0,1,1,0,2,3
"ZBTB14",0,0,1,1,0,0,2,3
"ZBTB42",0,0,1,0,1,0,2,3
"ZBTB6",0,0,1,0,1,0,2,3
"ZBTB7A",1,0,1,0,0,0,2,3
"ZIM3",1,0,0,0,1,0,2,3
"ZNF180",1,0,1,0,0,0,2,3
"ZNF182",0,0,1,0,1,0,2,3
"ZNF22",0,0,1,0,1,0,2,3
"ZNF267",1,0,1,0,0,0,2,3
"ZNF273",1,0,0,0,1,0,2,3
"ZNF28",1,0,0,0,1,0,2,3
"ZNF282",1,0,0,0,1,0,2,3
"ZNF311",1,0,1,0,0,0,2,3
"ZNF317",0,0,0,1,1,0,2,3
"ZNF320",1,0,0,0,1,0,2,3
"ZNF33A",1,0,1,0,0,0,2,3
"ZNF341",0,0,1,0,1,0,2,3
"ZNF35",0,0,1,0,1,0,2,3
"ZNF384",0,0,1,0,1,0,2,3
"ZNF415",0,1,1,0,0,0,2,3
"ZNF418",1,0,1,0,0,0,2,3
"ZNF44",1,0,1,0,0,0,2,3
"ZNF468",0,0,1,0,1,0,2,3
"ZNF519",0,0,1,0,1,0,2,3
"ZNF524",1,0,1,0,0,0,2,3
"ZNF529",1,0,1,0,0,0,2,3
"ZNF534",1,0,0,0,1,0,2,3
"ZNF548",1,0,1,0,0,0,2,3
"ZNF554",0,0,1,0,1,0,2,3
"ZNF675",1,0,1,0,0,0,2,3
"ZNF71",1,0,1,0,0,0,2,3
"ZNF768",1,0,1,0,0,0,2,3
"ZNF770",0,0,1,0,1,0,2,3
"ZNF783",0,0,1,0,1,0,2,3
"ZNF808",1,0,0,0,1,0,2,3
"ZNF816",1,0,1,0,0,0,2,3
"ZNF85",1,0,1,0,0,0,2,3
"ZNF93",1,0,1,0,0,0,2,3
"ZSCAN22",1,0,1,0,0,0,2,3
"A1JVI6_MOUSE",1,0,0,0,0,0,1,4
"ALX1",0,0,0,1,0,0,1,4
"ALX4",0,0,0,1,0,0,1,4
"AR",1,0,0,0,0,0,1,4
"ARID3A",0,0,0,1,0,0,1,4
"ARID3B",0,0,1,0,0,0,1,4
"ARID5A",0,0,1,0,0,0,1,4
"ARNT2",0,0,1,0,0,0,1,4
"ARNTL",0,0,1,0,0,0,1,4
"ARX",0,0,0,1,0,0,1,4
"ATF6",1,0,0,0,0,0,1,4
"BARX1",1,0,0,0,0,0,1,4
"BARX2",0,0,1,0,0,0,1,4
"BBX",1,0,0,0,0,0,1,4
"BHLHE40",0,0,1,0,0,0,1,4
"BHLHE41",0,0,1,0,0,0,1,4
"BORCS8-MEF2B",0,0,1,0,0,0,1,4
"BSX",0,0,0,1,0,0,1,4
"CDX1",1,0,0,0,0,0,1,4
"CDX4",1,0,0,0,0,0,1,4
"CEBPD",0,0,0,1,0,0,1,4
"CEBPE",0,0,0,1,0,0,1,4
"CEBPG",0,0,0,1,0,0,1,4
"CENPB",1,0,0,0,0,0,1,4
"CLOCK",0,0,1,0,0,0,1,4
"CPEB1",0,0,1,0,0,0,1,4
"CREB1",0,0,1,0,0,0,1,4
"CREB3",1,0,0,0,0,0,1,4
"CREB3L4",1,0,0,0,0,0,1,4
"CREB5",1,0,0,0,0,0,1,4
"CREBZF",1,0,0,0,0,0,1,4
"CRX",1,0,0,0,0,0,1,4
"CUX1",0,0,0,1,0,0,1,4
"CUX2",0,0,0,1,0,0,1,4
"DBX1",0,0,1,0,0,0,1,4
"DDIT3",1,0,0,0,0,0,1,4
"DLX1",1,0,0,0,0,0,1,4
"DLX2",1,0,0,0,0,0,1,4
"DLX3",1,0,0,0,0,0,1,4
"DLX4",1,0,0,0,0,0,1,4
"DMBX1",0,0,1,0,0,0,1,4
"DMRT2",0,0,1,0,0,0,1,4
"DMRTC2",1,0,0,0,0,0,1,4
"DPRX",1,0,0,0,0,0,1,4
"DUX4",0,0,0,0,1,0,1,4
"DUXA",1,0,0,0,0,0,1,4
"E2F4",0,0,1,0,0,0,1,4
"E2F7",0,0,0,0,1,0,1,4
"E2F8",1,0,0,0,0,0,1,4
"EGR2",0,0,1,0,0,0,1,4
"ELF2",1,0,0,0,0,0,1,4
"ELF3",0,0,0,0,1,0,1,4
"ELF5",0,0,0,1,0,0,1,4
"ELK4",0,1,0,0,0,0,1,4
"EMX2",0,0,0,1,0,0,1,4
"EN2",1,0,0,0,0,0,1,4
"EOMES",0,0,0,0,1,0,1,4
"EPAS1",0,0,0,0,1,0,1,4
"ERF",1,0,0,0,0,0,1,4
"ESRRB",1,0,0,0,0,0,1,4
"ESX1",1,0,0,0,0,0,1,4
"ETV6",0,0,0,0,1,0,1,4
"FEZF1",0,0,0,0,1,0,1,4
"FIGLA",0,0,1,0,0,0,1,4
"FLI1",0,0,1,0,0,0,1,4
"FOXB2",0,0,1,0,0,0,1,4
"FOXC2",0,0,1,0,0,0,1,4
"FOXF2",1,0,0,0,0,0,1,4
"FOXG1",1,0,0,0,0,0,1,4
"FOXI1",1,0,0,0,0,0,1,4
"FOXJ1",0,0,1,0,0,0,1,4
"FOXJ2",0,0,1,0,0,0,1,4
"FOXJ3",0,0,0,1,0,0,1,4
"FOXL1",0,0,1,0,0,0,1,4
"FOXL2",0,0,1,0,0,0,1,4
"FOXO3",0,0,1,0,0,0,1,4
"FOXO6",1,0,0,0,0,0,1,4
"FOXP1",0,0,0,0,1,0,1,4
"FOXS1",0,0,1,0,0,0,1,4
"GBX1",1,0,0,0,0,0,1,4
"GBX2",1,0,0,0,0,0,1,4
"GLI3",1,0,0,0,0,0,1,4
"GSC2",0,0,0,1,0,0,1,4
"HES1",0,0,1,0,0,0,1,4
"HES5",0,0,1,0,0,0,1,4
"HES6",0,0,1,0,0,0,1,4
"HES7",0,0,1,0,0,0,1,4
"HEY1",0,0,1,0,0,0,1,4
"HEY2",0,0,1,0,0,0,1,4
"HEYL",0,0,1,0,0,0,1,4
"HINFP",0,0,1,0,0,0,1,4
"HKR1",0,0,1,0,0,0,1,4
"HMG20A",0,0,0,0,1,0,1,4
"HMG20B",0,0,1,0,0,0,1,4
"HNF1A",0,0,0,0,1,0,1,4
"HNF4A",0,1,0,0,0,0,1,4
"HNF4G",1,0,0,0,0,0,1,4
"HOXA11",1,0,0,0,0,0,1,4
"HOXA13",1,0,0,0,0,0,1,4
"HOXB8",1,0,0,0,0,0,1,4
"HOXB9",1,0,0,0,0,0,1,4
"HOXC10",1,0,0,0,0,0,1,4
"HOXC11",1,0,0,0,0,0,1,4
"HOXC12",0,0,1,0,0,0,1,4
"HOXC13",1,0,0,0,0,0,1,4
"HOXC6",1,0,0,0,0,0,1,4
"HOXD10",1,0,0,0,0,0,1,4
"HOXD11",1,0,0,0,0,0,1,4
"HOXD13",1,0,0,0,0,0,1,4
"HOXD3",1,0,0,0,0,0,1,4
"HSF4",1,0,0,0,0,0,1,4
"IRF3",1,0,0,0,0,0,1,4
"IRF6",1,0,0,0,0,0,1,4
"IRX1",0,0,1,0,0,0,1,4
"IRX6",0,0,1,0,0,0,1,4
"KLF10",0,0,1,0,0,0,1,4
"KLF11",0,0,1,0,0,0,1,4
"KLF7",0,0,1,0,0,0,1,4
"KMT2A",0,0,0,0,1,0,1,4
"LBX2",1,0,0,0,0,0,1,4
"LEF1",0,0,0,1,0,0,1,4
"LHX1",0,1,0,0,0,0,1,4
"LHX3",0,1,0,0,0,0,1,4
"LHX4",0,0,0,1,0,0,1,4
"LHX5",1,0,0,0,0,0,1,4
"LHX6",0,0,0,1,0,0,1,4
"LHX8",1,0,0,0,0,0,1,4
"LHX9",1,0,0,0,0,0,1,4
"LYL1",0,0,0,0,1,0,1,4
"MAFA",1,0,0,0,0,0,1,4
"MAFG",1,0,0,0,0,0,1,4
"MECOM",1,0,0,0,0,0,1,4
"MEIS1",0,0,0,0,1,0,1,4
"MEOX2",1,0,0,0,0,0,1,4
"MESP1",0,0,1,0,0,0,1,4
"MESP2",1,0,0,0,0,0,1,4
"MGA",0,0,1,0,0,0,1,4
"MITF",0,0,0,0,1,0,1,4
"MLXIP",0,0,1,0,0,0,1,4
"MNT",0,0,1,0,0,0,1,4
"MSC",1,0,0,0,0,0,1,4
"MSX2",1,0,0,0,0,0,1,4
"MSX3",0,0,0,1,0,0,1,4
"MTF2",0,0,1,0,0,0,1,4
"MXI1",0,0,1,0,0,0,1,4
"MYB",0,0,0,0,1,0,1,4
"MYCN",0,0,0,1,0,0,1,4
"MYOD1",0,0,0,0,1,0,1,4
"NANOG",0,0,0,0,1,0,1,4
"NEUROG1",1,0,0,0,0,0,1,4
"NEUROG2",0,0,0,0,1,0,1,4
"NFATC1",0,0,0,1,0,0,1,4
"NFATC2",0,0,0,1,0,0,1,4
"NFE2",1,0,0,0,0,0,1,4
"NFE2L1",1,0,0,0,0,0,1,4
"NFE2L2",1,0,0,0,0,0,1,4
"NFIB",1,0,0,0,0,0,1,4
"NFIL3",1,0,0,0,0,0,1,4
"NFIX",1,0,0,0,0,0,1,4
"NFYA",1,0,0,0,0,0,1,4
"NFYB",1,0,0,0,0,0,1,4
"NFYC",1,0,0,0,0,0,1,4
"NKX2-1",0,0,0,0,1,0,1,4
"NKX2-5",1,0,0,0,0,0,1,4
"NR1D2",1,0,0,0,0,0,1,4
"NR1I3",1,0,0,0,0,0,1,4
"NR2E1",0,0,1,0,0,0,1,4
"NR2F1",0,0,0,0,1,0,1,4
"NR2F2",0,0,0,0,1,0,1,4
"NR3C1",0,0,0,0,1,0,1,4
"NR4A1",1,0,0,0,0,0,1,4
"NR4A2",1,0,0,0,0,0,1,4
"NR6A1",0,0,0,1,0,0,1,4
"NRF1",0,0,1,0,0,0,1,4
"NRL",1,0,0,0,0,0,1,4
"OLIG2",0,1,0,0,0,0,1,4
"OLIG3",1,0,0,0,0,0,1,4
"ONECUT1",1,0,0,0,0,0,1,4
"OSR1",1,0,0,0,0,0,1,4
"OTX1",0,0,1,0,0,0,1,4
"OVOL1",1,0,0,0,0,0,1,4
"OVOL2",1,0,0,0,0,0,1,4
"PAX1",0,0,0,1,0,0,1,4
"PAX2",0,0,1,0,0,0,1,4
"PAX4",0,0,0,1,0,0,1,4
"PAX5",0,0,0,0,1,0,1,4
"PAX9",1,0,0,0,0,0,1,4
"PBX1",1,0,0,0,0,0,1,4
"PBX3",0,0,0,0,1,0,1,4
"PDX1",0,0,0,0,1,0,1,4
"PGR",0,0,0,0,1,0,1,4
"PITX2",1,0,0,0,0,0,1,4
"PKNOX2",0,0,0,1,0,0,1,4
"PLAG1",0,0,0,1,0,0,1,4
"POU1F1",1,0,0,0,0,0,1,4
"POU2F1",1,0,0,0,0,0,1,4
"POU3F2",1,0,0,0,0,0,1,4
"POU3F3",0,0,1,0,0,0,1,4
"POU4F1",0,0,1,0,0,0,1,4
"POU4F3",1,0,0,0,0,0,1,4
"POU5F1",1,0,0,0,0,0,1,4
"POU6F2",1,0,0,0,0,0,1,4
"PPARG",0,0,0,0,1,0,1,4
"PRDM4",0,0,0,1,0,0,1,4
"PRDM6",0,0,1,0,0,0,1,4
"PRDM9",0,0,1,0,0,0,1,4
"PROP1",1,0,0,0,0,0,1,4
"PROX1",0,0,0,0,1,0,1,4
"RARA",0,0,1,0,0,0,1,4
"RARB",0,0,1,0,0,0,1,4
"RAX2",0,0,0,1,0,0,1,4
"RBAK",0,0,1,0,0,0,1,4
"REL",0,0,0,1,0,0,1,4
"RELA",1,0,0,0,0,0,1,4
"RELB",0,0,0,0,1,0,1,4
"REST",0,0,0,0,1,0,1,4
"RHOXF2",0,0,1,0,0,0,1,4
"RORA",1,0,0,0,0,0,1,4
"RORC",1,0,0,0,0,0,1,4
"RREB1",0,0,1,0,0,0,1,4
"RUNX2",0,1,0,0,0,0,1,4
"RUNX3",0,0,0,0,1,0,1,4
"RXRA",0,0,0,0,1,0,1,4
"RXRB",1,0,0,0,0,0,1,4
"SCRT1",1,0,0,0,0,0,1,4
"SHOX",0,0,0,1,0,0,1,4
"SHOX2",0,0,0,1,0,0,1,4
"SIX1",0,0,0,0,1,0,1,4
"SKOR1",1,0,0,0,0,0,1,4
"SKOR2",1,0,0,0,0,0,1,4
"SMAD4",0,0,0,0,1,0,1,4
"SOX10",0,0,0,0,1,0,1,4
"SOX13",1,0,0,0,0,0,1,4
"SOX4",0,0,0,0,1,0,1,4
"SOX6",0,1,0,0,0,0,1,4
"SP140",0,0,0,0,1,0,1,4
"SP5",0,0,1,0,0,0,1,4
"SPIC",0,0,1,0,0,0,1,4
"SREBF1",0,0,1,0,0,0,1,4
"SREBF2",0,0,1,0,0,0,1,4
"TAL1",0,0,0,0,1,0,1,4
"TBX1",0,0,1,0,0,0,1,4
"TBX18",0,0,1,0,0,0,1,4
"TBX2",0,0,1,0,0,0,1,4
"TBX21",0,0,0,0,1,0,1,4
"TBX3",0,0,1,0,0,0,1,4
"TBX4",0,0,1,0,0,0,1,4
"TBX6",0,0,1,0,0,0,1,4
"TCF21",0,0,0,0,1,0,1,4
"TCF7L2",0,0,0,0,1,0,1,4
"TEAD2",0,0,0,1,0,0,1,4
"TEAD3",0,0,0,1,0,0,1,4
"TERF2",0,0,0,0,1,0,1,4
"TFAP2E",0,0,0,1,0,0,1,4
"TFAP4",0,0,0,1,0,0,1,4
"TFE3",0,0,1,0,0,0,1,4
"TFEB",1,0,0,0,0,0,1,4
"TGIF1",0,0,0,1,0,0,1,4
"TGIF2",0,0,0,1,0,0,1,4
"TGIF2LX",0,0,0,1,0,0,1,4
"TGIF2LY",0,0,0,1,0,0,1,4
"THRA",0,1,0,0,0,0,1,4
"THRB",0,0,0,1,0,0,1,4
"TLX2",0,0,0,1,0,0,1,4
"TLX3",1,0,0,0,0,0,1,4
"TP63",0,0,0,0,1,0,1,4
"UNCX",0,0,0,1,0,0,1,4
"USF1",1,0,0,0,0,0,1,4
"USF2",0,0,1,0,0,0,1,4
"VDR",0,0,0,0,1,0,1,4
"VENTX",0,0,0,1,0,0,1,4
"VSX1",0,0,0,1,0,0,1,4
"XBP1",1,0,0,0,0,0,1,4
"XPA",0,0,1,0,0,0,1,4
"ZBED1",0,0,0,0,1,0,1,4
"ZBTB12",0,0,0,1,0,0,1,4
"ZBTB17",0,0,0,0,1,0,1,4
"ZBTB18",0,0,1,0,0,0,1,4
"ZBTB2",0,0,0,0,1,0,1,4
"ZBTB26",0,0,1,0,0,0,1,4
"ZBTB3",0,0,1,0,0,0,1,4
"ZBTB33",0,0,0,1,0,0,1,4
"ZBTB48",0,0,0,0,1,0,1,4
"ZEB1",0,0,1,0,0,0,1,4
"ZFP1",1,0,0,0,0,0,1,4
"ZFP128",1,0,0,0,0,0,1,4
"ZFP14",0,0,1,0,0,0,1,4
"ZFP28",0,0,1,0,0,0,1,4
"ZFP42",1,0,0,0,0,0,1,4
"ZFP57",0,0,0,0,1,0,1,4
"ZFP64",0,0,1,0,0,0,1,4
"ZFP69B",0,0,1,0,0,0,1,4
"ZFX",0,0,1,0,0,0,1,4
"ZIC1",0,0,0,1,0,0,1,4
"ZIC2",0,0,0,1,0,0,1,4
"ZIC4",1,0,0,0,0,0,1,4
"ZIM2",0,0,1,0,0,0,1,4
"ZKSCAN2",0,0,1,0,0,0,1,4
"ZKSCAN3",1,0,0,0,0,0,1,4
"ZKSCAN5",0,0,1,0,0,0,1,4
"ZNF10",0,0,1,0,0,0,1,4
"ZNF101",1,0,0,0,0,0,1,4
"ZNF12",0,0,1,0,0,0,1,4
"ZNF121",0,0,1,0,0,0,1,4
"ZNF132",0,0,1,0,0,0,1,4
"ZNF133",1,0,0,0,0,0,1,4
"ZNF135",0,0,1,0,0,0,1,4
"ZNF140",0,0,1,0,0,0,1,4
"ZNF143",0,0,1,0,0,0,1,4
"ZNF146",0,0,1,0,0,0,1,4
"ZNF169",0,0,0,0,1,0,1,4
"ZNF17",0,0,1,0,0,0,1,4
"ZNF175",0,0,1,0,0,0,1,4
"ZNF18",0,0,1,0,0,0,1,4
"ZNF181",0,0,1,0,0,0,1,4
"ZNF19",0,0,1,0,0,0,1,4
"ZNF197",0,0,1,0,0,0,1,4
"ZNF2",0,0,0,0,1,0,1,4
"ZNF202",0,0,1,0,0,0,1,4
"ZNF212",0,0,1,0,0,0,1,4
"ZNF213",0,0,1,0,0,0,1,4
"ZNF222",0,0,1,0,0,0,1,4
"ZNF224",0,0,1,0,0,0,1,4
"ZNF225",0,0,1,0,0,0,1,4
"ZNF23",0,0,1,0,0,0,1,4
"ZNF235",0,0,1,0,0,0,1,4
"ZNF24",0,0,1,0,0,0,1,4
"ZNF257",0,0,0,0,1,0,1,4
"ZNF260",0,0,1,0,0,0,1,4
"ZNF266",1,0,0,0,0,0,1,4
"ZNF281",0,0,1,0,0,0,1,4
"ZNF283",0,0,1,0,0,0,1,4
"ZNF284",0,0,1,0,0,0,1,4
"ZNF287",0,0,1,0,0,0,1,4
"ZNF3",0,0,1,0,0,0,1,4
"ZNF30",0,0,1,0,0,0,1,4
"ZNF300",0,0,1,0,0,0,1,4
"ZNF304",0,0,1,0,0,0,1,4
"ZNF32",1,0,0,0,0,0,1,4
"ZNF324",1,0,0,0,0,0,1,4
"ZNF331",1,0,0,0,0,0,1,4
"ZNF335",0,0,0,0,1,0,1,4
"ZNF33B",1,0,0,0,0,0,1,4
"ZNF34",0,0,1,0,0,0,1,4
"ZNF354A",1,0,0,0,0,0,1,4
"ZNF354B",1,0,0,0,0,0,1,4
"ZNF354C",0,0,1,0,0,0,1,4
"ZNF37A",0,0,1,0,0,0,1,4
"ZNF383",0,0,1,0,0,0,1,4
"ZNF394",0,0,1,0,0,0,1,4
"ZNF398",0,0,1,0,0,0,1,4
"ZNF41",1,0,0,0,0,0,1,4
"ZNF417",0,0,1,0,0,0,1,4
"ZNF425",0,0,0,0,1,0,1,4
"ZNF429",0,0,1,0,0,0,1,4
"ZNF432",0,0,1,0,0,0,1,4
"ZNF441",0,0,1,0,0,0,1,4
"ZNF443",0,0,1,0,0,0,1,4
"ZNF444",0,0,1,0,0,0,1,4
"ZNF45",1,0,0,0,0,0,1,4
"ZNF454",0,0,1,0,0,0,1,4
"ZNF460",0,0,1,0,0,0,1,4
"ZNF479",0,0,0,0,1,0,1,4
"ZNF480",0,0,1,0,0,0,1,4
"ZNF483",1,0,0,0,0,0,1,4
"ZNF484",0,0,1,0,0,0,1,4
"ZNF487",0,0,1,0,0,0,1,4
"ZNF492",0,0,1,0,0,0,1,4
"ZNF496",0,0,1,0,0,0,1,4
"ZNF513",0,0,1,0,0,0,1,4
"ZNF527",0,0,1,0,0,0,1,4
"ZNF530",0,0,1,0,0,0,1,4
"ZNF543",0,0,1,0,0,0,1,4
"ZNF547",1,0,0,0,0,0,1,4
"ZNF557",0,0,1,0,0,0,1,4
"ZNF558",0,0,1,0,0,0,1,4
"ZNF561",1,0,0,0,0,0,1,4
"ZNF563",0,0,0,0,1,0,1,4
"ZNF566",0,0,1,0,0,0,1,4
"ZNF567",0,0,1,0,0,0,1,4
"ZNF570",0,0,1,0,0,0,1,4
"ZNF571",0,0,1,0,0,0,1,4
"ZNF573",1,0,0,0,0,0,1,4
"ZNF574",1,0,0,0,0,0,1,4
"ZNF580",0,0,1,0,0,0,1,4
"ZNF585A",0,0,1,0,0,0,1,4
"ZNF586",0,0,1,0,0,0,1,4
"ZNF587",1,0,0,0,0,0,1,4
"ZNF594",0,0,1,0,0,0,1,4
"ZNF596",0,0,1,0,0,0,1,4
"ZNF597",0,0,0,0,1,0,1,4
"ZNF611",0,0,1,0,0,0,1,4
"ZNF613",0,0,1,0,0,0,1,4
"ZNF614",0,0,1,0,0,0,1,4
"ZNF615",1,0,0,0,0,0,1,4
"ZNF616",0,0,1,0,0,0,1,4
"ZNF619",0,0,1,0,0,0,1,4
"ZNF626",1,0,0,0,0,0,1,4
"ZNF649",0,0,1,0,0,0,1,4
"ZNF662",0,0,1,0,0,0,1,4
"ZNF667",1,0,0,0,0,0,1,4
"ZNF669",1,0,0,0,0,0,1,4
"ZNF674",0,0,0,0,1,0,1,4
"ZNF677",0,0,1,0,0,0,1,4
"ZNF680",1,0,0,0,0,0,1,4
"ZNF681",0,0,1,0,0,0,1,4
"ZNF682",0,0,1,0,0,0,1,4
"ZNF684",1,0,0,0,0,0,1,4
"ZNF695",0,0,1,0,0,0,1,4
"ZNF704",1,0,0,0,0,0,1,4
"ZNF707",1,0,0,0,0,0,1,4
"ZNF711",0,1,0,0,0,0,1,4
"ZNF713",0,0,1,0,0,0,1,4
"ZNF716",0,0,1,0,0,0,1,4
"ZNF74",0,0,1,0,0,0,1,4
"ZNF740",0,0,0,1,0,0,1,4
"ZNF75A",1,0,0,0,0,0,1,4
"ZNF75D",1,0,0,0,0,0,1,4
"ZNF765",0,0,1,0,0,0,1,4
"ZNF774",0,0,1,0,0,0,1,4
"ZNF776",0,0,1,0,0,0,1,4
"ZNF780A",0,0,1,0,0,0,1,4
"ZNF785",0,0,1,0,0,0,1,4
"ZNF786",0,0,1,0,0,0,1,4
"ZNF787",1,0,0,0,0,0,1,4
"ZNF789",0,0,1,0,0,0,1,4
"ZNF79",0,0,1,0,0,0,1,4
"ZNF792",0,0,1,0,0,0,1,4
"ZNF793",1,0,0,0,0,0,1,4
"ZNF8",0,0,1,0,0,0,1,4
"ZNF805",0,0,1,0,0,0,1,4
"ZNF823",0,0,1,0,0,0,1,4
"ZNF84",0,0,1,0,0,0,1,4
"ZNF846",0,0,1,0,0,0,1,4
"ZNF860",0,0,1,0,0,0,1,4
"ZNF879",0,0,1,0,0,0,1,4
"ZNF880",0,0,1,0,0,0,1,4
"ZNF891",0,0,1,0,0,0,1,4
"ZNF90",0,0,1,0,0,0,1,4
"ZNF98",0,0,1,0,0,0,1,4
"ZSCAN1",0,0,1,0,0,0,1,4
"ZSCAN16",0,0,1,0,0,0,1,4
"ZSCAN30",0,0,1,0,0,0,1,4
"ZSCAN5",1,0,0,0,0,0,1,4
